{
  "advancedEditorSelectedIdentifier" : "ProjectBrowser",
  "openSceneRelativePaths" : [
    "Trees\/Billboarded\/Material.usda",
    "Trees\/Billboarded\/plane.usdc",
    "Trees\/Billboarded\/plane2.usdc",
    "New Version Assets\/Scene.usda",
    "SkyDome\/DistantLand.usda",
    "New Version Assets\/Audio\/Audio Entity.usda",
    "Animals\/Kangargoo\/Kangargoo-10.usdc"
  ],
  "recentIdentifiers" : {
    "00A0751F-9604-4664-B13A-926521D2E136" : [

    ],
    "04D2520F-F0EA-452D-8C2B-18941AC252E4" : [

    ],
    "0842F586-AF8F-47BC-A82E-D5CCE52B9E20" : [

    ],
    "09F43387-7A3D-41FE-B7FE-C6B17EBFDF66" : [

    ],
    "0F5356CE-776F-4E5C-96DC-05FC23C0E6CA" : [

    ],
    "118D6448-F4ED-40D3-964F-FFD03669E5F6" : [

    ],
    "1510E1C6-EB16-4444-9EB5-B6DC3BF1FEF9" : [

    ],
    "16EA7BD5-6EA9-4CB6-A24E-333D8B8FB767" : [

    ],
    "17ACAA8F-C957-4CE1-8977-29369445F81A" : [

    ],
    "17F916B2-2C7F-435D-A1C8-7DEC2D52BF47" : [

    ],
    "20C21902-0179-4281-AE51-64D0A5A9CC4C" : [

    ],
    "248ADF9B-8227-4BE7-A8FC-DD0579EE3BA6" : [

    ],
    "29C377CB-E617-4EBE-B1ED-FBF2F099D951" : [

    ],
    "2AF3A919-C66B-4C7C-A870-F6D30FF215B9" : [

    ],
    "2B5F9F6A-BB1C-40E7-961D-E4886680F0A4" : [

    ],
    "2B907174-18C3-491B-93BA-52AD88C6B96F" : [

    ],
    "2BF462C8-D704-49C8-BC59-F5A7CDA6713A" : [

    ],
    "2C5EF33B-E8ED-4080-9E92-FFBE3CC3E83B" : [

    ],
    "2D099CAC-5139-426C-92F8-575B35A8533E" : [

    ],
    "39CE28EA-929C-46F0-A1B9-4F2B3F43CBC3" : [

    ],
    "3A8D3956-CCCB-46DA-AEF8-D3E0DEE0A4E1" : [

    ],
    "3D522B2F-C042-4B1E-950B-69940C36DE54" : [

    ],
    "3E72A182-AB06-4498-B149-60D3C22AF46D" : [

    ],
    "42071DD5-9384-4A0E-832C-13A546F12C6A" : [

    ],
    "446F2E5B-31AF-49E6-9998-FABAE93114D1" : [

    ],
    "44D2335E-13CC-49E3-9E19-979D011AA283" : [

    ],
    "4623FFAD-0964-4DB9-A580-F1BABC27B7BF" : [

    ],
    "4639A01E-400B-4B42-A4C4-F788F0AD3D2F" : [

    ],
    "464193D8-0075-4E95-B6B3-CAF5ACAFED04" : [

    ],
    "494CD8FF-A417-4930-B9E5-2CC58364D2A5" : [

    ],
    "4A4541A9-EAD4-4667-BB6D-AB274CE3FBFE" : [

    ],
    "4B806A12-3226-40E3-AC67-D4D66EF5BFDD" : [

    ],
    "4BCBE86A-F193-408E-A099-205F2E46658F" : [

    ],
    "4E6D0931-883A-4A54-8466-E11CAD3F043C" : [

    ],
    "507C9850-515E-426F-946F-F96DDC698E60" : [

    ],
    "51974FA8-0BD2-4197-A318-BF940CB2DA67" : [

    ],
    "575CF24E-0096-4CA8-BAFD-5968FA69DA8E" : [

    ],
    "5E063200-BAE3-40E0-97B6-3B64DC5AF3B6" : [

    ],
    "5FBBAB14-99C6-4A7D-BB2B-82DDF9F34197" : [

    ],
    "6061B781-D844-4188-9BF6-C2252FB48D3E" : [

    ],
    "64F20CC4-45C2-4A81-A998-213177F49B3A" : [

    ],
    "65FE8A5A-494F-47E2-92B9-95009CC5CFA5" : [

    ],
    "694A94F2-F32C-40B5-AD6A-8BB79A8DC22A" : [

    ],
    "6B070359-748A-4C70-A5C7-09C203DC8A1B" : [

    ],
    "7091CCEC-6E35-40D4-A3D6-FFB0257550BF" : [

    ],
    "712A1FB7-07DC-4487-8403-262CCFBA7B77" : [

    ],
    "72898A5F-F3E2-41C0-9E3F-F47318F3E60F" : [

    ],
    "7376FED9-7F39-4204-9F71-40968AED61C8" : [

    ],
    "7443D511-D918-42B4-9207-539A035A74EA" : [

    ],
    "74801EB2-B9E2-4B9D-AFD2-7DC30D6B8626" : [

    ],
    "757BAD60-20C5-4AF8-9F7F-37E78B450E10" : [

    ],
    "77FA8133-DDA6-4D2A-8228-ED528F6B892F" : [

    ],
    "78E4848F-DB49-472B-BB86-996A959A464D" : [

    ],
    "7916C67C-4C75-40A1-B74D-9856988505C2" : [

    ],
    "7DE7EC59-34A0-4575-8C23-9071C3F98630" : [

    ],
    "7E53E3D2-1FE6-49A7-84DC-7536C3FE84CF" : [

    ],
    "7FCCC7FE-B17C-4198-A4D2-44E6D31B4A19" : [

    ],
    "81A251E2-535D-4FC2-A6E9-86CEFEE9EFDB" : [

    ],
    "827614F5-30D1-4B87-A462-608124097FB8" : [

    ],
    "843DE857-CE6C-4CD9-A795-580A03DB0CFB" : [

    ],
    "84585AB8-3ED0-4956-A553-73043BA17A52" : [

    ],
    "8497F827-25CE-4E1D-9E44-5FC4BD4CDB63" : [

    ],
    "857BCF86-76DF-4D0B-A2E5-925F32A2D4DF" : [

    ],
    "862FA14A-5E5B-4F1C-AD45-E3C460E54F70" : [

    ],
    "870EA3E4-EE47-4049-9D62-A6D7E90B3A00" : [

    ],
    "87EABFC7-4622-4488-8410-977505AFC3A8" : [

    ],
    "8845BEBD-0D10-42CF-B5A1-8D6CA4F8533B" : [

    ],
    "8A1FBD72-1A6B-4444-BC72-1D7B29A4F6D9" : [

    ],
    "8A94C0A2-65C7-4905-9D43-D69DB00B8CA3" : [

    ],
    "8AC9EDC3-EF5C-4FEA-8E24-A6AFE6CD98ED" : [

    ],
    "8ADE97B2-DC83-42F9-8F6C-872D6211ECDB" : [

    ],
    "8B001440-4A3D-4EBA-BD37-3998096A3F71" : [

    ],
    "8C6C4FA4-3752-44BC-BFA1-24E509048EB9" : [

    ],
    "8C863ABF-ED59-47AD-B5DB-9B455DD9E595" : [

    ],
    "91AC0ED2-2691-49CD-92C7-081AF0522880" : [

    ],
    "934D1AA2-187A-456A-B33A-409B43C3F2C2" : [

    ],
    "9362F25B-5B63-4970-AF9F-5AD6D8AE9798" : [

    ],
    "971EE7FB-C839-44DF-8BD6-506AC101D7CE" : [

    ],
    "984E0C43-CD31-45CE-9CE4-5EA1A7C7C6DC" : [

    ],
    "98B0191D-C942-400A-938F-1599E449FA15" : [

    ],
    "9B3568BF-635B-4A3F-9A59-48DC797776B6" : [

    ],
    "9C032FA3-CC42-41D9-AAC9-7FD33ED56A8A" : [

    ],
    "9FACD3B0-7F68-41D3-AAA5-5F7A088EBE71" : [

    ],
    "A1DDBA9C-EEE2-4003-A38C-7F6AA66461CF" : [

    ],
    "A36EA911-7AD8-41FC-B0C0-409D09609D65" : [

    ],
    "A4E9CEF0-60DD-4DB3-8378-69ABF8F2477A" : [

    ],
    "A55F2D6F-DAFD-45CC-976B-0F2FA9EF9459" : [

    ],
    "A7241193-02B6-4243-82A0-565544EAC993" : [

    ],
    "A83C365D-F038-4D02-8158-DE85070B2F0F" : [

    ],
    "A840E8C6-F2BE-4DA0-B112-ED4B11E690CE" : [

    ],
    "A8D7F793-CA2D-43DD-99B4-CB637D91A966" : [

    ],
    "A9FCB870-C293-45C5-9F22-030B106C1CB3" : [

    ],
    "AA901FD9-F2EF-4329-AB31-D0F195D9999C" : [

    ],
    "AE0C1ED5-4713-4F23-AF89-55C916621D23" : [

    ],
    "AEECF129-78CA-4AF6-BF38-8430E45AF2EB" : [

    ],
    "B0706351-D3FA-45D6-898A-17B11A1F2CB1" : [

    ],
    "B16ED171-4E33-4CE4-8372-4731C502E349" : [

    ],
    "B215EA12-A0D4-4254-B721-EDA0045BF66A" : [

    ],
    "B5EF102F-CBB7-431F-9F89-69F0CDA07530" : [

    ],
    "B72B7AC5-91ED-4622-AD63-879B70021188" : [

    ],
    "B84AC412-E519-4EE9-B79B-D01E3E1231B8" : [

    ],
    "B89F2622-D4F9-4BBD-92A4-721AEC3A0FDE" : [

    ],
    "BCA84FE6-FDCD-4E02-A1AD-3041B0B11F08" : [

    ],
    "BD0DB696-57D1-4296-83E1-95C5493984E8" : [

    ],
    "BEE0A8EE-F348-4A36-891C-A62E01C76F14" : [

    ],
    "BF917D66-DC2B-454A-8A99-FC19A54195A4" : [

    ],
    "C08B7172-6993-4668-9488-0E8EE08BA111" : [

    ],
    "C2DBB7D2-F43C-487B-93CE-61A933CCC1D6" : [

    ],
    "C2F9A804-C82B-4CA5-AC11-046CB3C8C6B0" : [

    ],
    "C3E2A7B9-72AF-44CA-98CD-3C3AE15D7A95" : [

    ],
    "C6A7F375-BFE9-46E0-9EA6-1A6B150F43FD" : [

    ],
    "C7996E6C-F0CD-4080-AB91-CC34E7577CE5" : [

    ],
    "CB2302A9-0258-4075-89DF-623395E6D9A9" : [

    ],
    "CE2F09C7-3D34-4C81-BA54-D1F0ACC7EC6E" : [

    ],
    "CF5CA3BB-CE1B-40A9-B822-FE6979A1A32C" : [

    ],
    "D115147A-5DED-4BF5-9E08-178E74124462" : [

    ],
    "D124FAAB-7C17-4A58-9A6D-1B2D4BAAB3BF" : [

    ],
    "D13FD6CC-0F39-4C97-BB84-A1CF383B4627" : [

    ],
    "D147F741-F8BB-4469-8412-5B6C0398C86C" : [

    ],
    "D8D21AF2-F890-465D-9BB0-32FE4BA6984C" : [

    ],
    "DC53AA4E-6254-448D-B5CA-45DF9E2E5619" : [

    ],
    "DDBBA5C6-315B-4AE1-B87E-4E34EF2BCA7C" : [

    ],
    "DFA3A091-E58A-44CB-9FAF-7B96AAC3B307" : [

    ],
    "DFBCFC52-60F4-4C23-ABB7-E96BF228F7F5" : [

    ],
    "E031E3A0-4A5C-4006-864F-7D95CC659413" : [

    ],
    "E175458D-5F06-4CF8-8023-18EDCF04BAB4" : [

    ],
    "E398973D-F151-41DA-8B94-6A6694AFACDD" : [

    ],
    "E3DF5388-9D8D-4C96-B4AF-4D042E43A162" : [

    ],
    "E40B2B15-778A-4F48-B6DA-7F08D4A812BB" : [

    ],
    "E4730617-4782-4659-B93A-13A013636F82" : [

    ],
    "E5130631-A446-4E24-A354-D72F62F0C764" : [

    ],
    "ED577AC1-E01B-408C-8829-F09D12C81FF3" : [

    ],
    "EDBDF309-5D3A-4A48-A9AB-2CE05CBC1CF1" : [

    ],
    "EE72AD11-A55D-4CC8-9894-DB14DA569E0C" : [

    ],
    "F213E956-532F-4A02-AE76-06A0DC828EC0" : [

    ],
    "F86A1AE9-43FF-46FD-95E0-9A82852CA51B" : [

    ],
    "F9331984-62F6-4055-AA1F-98E7030C2AD0" : [

    ],
    "FA2239FA-3AF5-4C43-AEE7-0F6856A5991E" : [

    ],
    "FB697321-2761-445E-951C-A63707C0B623" : [

    ],
    "FBDA41CE-9042-45EE-9379-4144D7BBA749" : [

    ],
    "FC0A9D35-0C9F-47E7-A1A6-7C5864269F76" : [

    ],
    "FCB05E8F-7537-409C-A078-E540BE27012F" : [

    ],
    "FE04C384-9C98-4052-A50B-968F29D01068" : [

    ],
    "FF130160-92F2-4A1B-BD82-DE5E85B53DC7" : [

    ]
  },
  "sceneCameraHistory" : {
    "0045DA3C-CC36-4516-9936-B326A2BE0918" : [
      {
        "date" : 759383956.592815,
        "title" : "Untitled",
        "transform" : [
          0.9446292,
          -6.273809e-09,
          0.32813984,
          0,
          0.039214715,
          0.99283344,
          -0.1128889,
          0,
          -0.32578823,
          0.11950614,
          0.9378594,
          0,
          -0.013531155,
          0.0049635195,
          0.03895267,
          1
        ]
      },
      {
        "date" : 759383515.382069,
        "title" : "Untitled",
        "transform" : [
          0.98005134,
          -6.670362e-09,
          0.198744,
          0,
          0.11450556,
          0.81734693,
          -0.56465256,
          0,
          -0.16244282,
          0.5761459,
          0.80104196,
          0,
          -0.01332483,
          0.04726,
          0.065707736,
          1
        ]
      },
      {
        "date" : 759383511.43508,
        "title" : "Untitled",
        "transform" : [
          0.6914384,
          -1.1717452e-08,
          -0.7224354,
          0,
          -0.050233584,
          0.9975797,
          -0.048078265,
          0,
          0.72068673,
          0.06953371,
          0.6897648,
          0,
          0.059116382,
          0.005703703,
          0.056579914,
          1
        ]
      },
      {
        "date" : 759383493.21897,
        "title" : "Untitled",
        "transform" : [
          0.9161592,
          -2.2692035e-09,
          -0.40081453,
          0,
          -0.22115958,
          0.83399284,
          -0.5055141,
          0,
          0.33427644,
          0.5517754,
          0.7640703,
          0,
          0.107317165,
          0.17714374,
          0.24529952,
          1
        ]
      }
    ],
    "00A0751F-9604-4664-B13A-926521D2E136" : [
      {
        "date" : 758777302.360625,
        "title" : "Untitled",
        "transform" : [
          0.628638,
          4.126922e-10,
          -0.777698,
          0,
          -0.5320789,
          0.72932106,
          -0.4300964,
          0,
          0.5671914,
          0.6841718,
          0.45847893,
          0,
          1.3759598,
          1.791248,
          1.2658088,
          1
        ]
      }
    ],
    "022D3D06-238A-432C-AF72-7B7C2A8FEFA6" : [
      {
        "date" : 758504224.997998,
        "title" : "Untitled",
        "transform" : [
          0.9986645,
          8.973544e-10,
          -0.051663347,
          0,
          -0.046648428,
          0.42978597,
          -0.9017251,
          0,
          0.022204177,
          0.9029309,
          0.429212,
          0,
          0.0014077699,
          0.057246845,
          0.027212523,
          1
        ]
      },
      {
        "date" : 758504210.791224,
        "title" : "Untitled",
        "transform" : [
          1,
          0,
          0,
          0,
          0,
          0.7071069,
          -0.70710677,
          0,
          0,
          0.70710677,
          0.7071069,
          0,
          0,
          1.2330446,
          1.2330447,
          1
        ]
      }
    ],
    "04D2520F-F0EA-452D-8C2B-18941AC252E4" : [
      {
        "date" : 760578496.482066,
        "title" : "Untitled",
        "transform" : [
          0.9999173,
          1.8052775e-08,
          -0.01285817,
          0,
          -0.008166661,
          0.7724028,
          -0.6350804,
          0,
          0.009931683,
          0.6351329,
          0.77233905,
          0,
          10.309176,
          8.769281,
          10.184549,
          1
        ]
      },
      {
        "date" : 760578489.040632,
        "title" : "Untitled",
        "transform" : [
          0.90391546,
          1.8050635e-08,
          -0.42771125,
          0,
          -0.27054647,
          0.7745239,
          -0.57176685,
          0,
          0.3312726,
          0.63254464,
          0.7001042,
          0,
          36.20658,
          11.672155,
          8.89515,
          1
        ]
      },
      {
        "date" : 760578486.150761,
        "title" : "Untitled",
        "transform" : [
          0.9039154,
          -1.391885e-09,
          -0.42771125,
          0,
          -0.2705465,
          0.7745239,
          -0.5717669,
          0,
          0.33127254,
          0.63254464,
          0.7001041,
          0,
          3.782016,
          7.2214613,
          7.9928217,
          1
        ]
      },
      {
        "date" : 760578471.676931,
        "title" : "Untitled",
        "transform" : [
          0.9039154,
          -1.391885e-09,
          -0.42771125,
          0,
          -0.2705465,
          0.7745239,
          -0.5717669,
          0,
          0.33127254,
          0.63254464,
          0.7001041,
          0,
          0.65788305,
          1.2561873,
          1.3903553,
          1
        ]
      }
    ],
    "082ECC00-48F8-40D2-B61B-B39A910D1D02" : [
      {
        "date" : 760537500.862445,
        "title" : "Untitled",
        "transform" : [
          0.98431104,
          5.2078017e-09,
          -0.1764421,
          0,
          -0.019455869,
          0.99390197,
          -0.10853786,
          0,
          0.17536615,
          0.11026782,
          0.9783087,
          0,
          0.18824384,
          0.23043945,
          0.7746377,
          1
        ]
      },
      {
        "date" : 760536929.415721,
        "title" : "Untitled",
        "transform" : [
          0.9820671,
          3.158563e-09,
          -0.18853126,
          0,
          -0.069451384,
          0.9296748,
          -0.36177528,
          0,
          0.17527273,
          0.36838132,
          0.9130031,
          0,
          0.07072651,
          0.31125185,
          0.22023556,
          1
        ]
      },
      {
        "date" : 760536915.460416,
        "title" : "Untitled",
        "transform" : [
          0.9997793,
          -6.2554784e-10,
          0.02100507,
          0,
          0.0029431477,
          0.9901352,
          -0.14008456,
          0,
          -0.020797882,
          0.14011542,
          0.9899168,
          0,
          0.09033414,
          0.41808805,
          0.99195874,
          1
        ]
      },
      {
        "date" : 760426024.865583,
        "title" : "Untitled",
        "transform" : [
          0.98756546,
          -9.574448e-10,
          -0.15720804,
          0,
          0.0076585296,
          0.9988128,
          0.048110053,
          0,
          0.15702139,
          -0.048715863,
          0.98639303,
          0,
          0.27496803,
          0.22434552,
          1.0202949,
          1
        ]
      },
      {
        "date" : 760426021.858635,
        "title" : "Untitled",
        "transform" : [
          0.71746266,
          -9.422828e-10,
          -0.696597,
          0,
          0.054880347,
          0.9968918,
          0.056524206,
          0,
          0.6944318,
          -0.07878354,
          0.7152327,
          0,
          0.8161306,
          0.19258669,
          0.6810149,
          1
        ]
      },
      {
        "date" : 760426007.383952,
        "title" : "Untitled",
        "transform" : [
          0.97928363,
          5.925816e-10,
          0.20249356,
          0,
          0.012884605,
          0.99797356,
          -0.062311504,
          0,
          -0.20208324,
          0.06362965,
          0.9772992,
          0,
          -0.09750097,
          0.34080312,
          1.0204346,
          1
        ]
      },
      {
        "date" : 760426004.433754,
        "title" : "Untitled",
        "transform" : [
          0.99989516,
          1.6231723e-10,
          0.014481152,
          0,
          0.0014894322,
          0.99469656,
          -0.102842174,
          0,
          -0.014404364,
          0.102852926,
          0.9945923,
          0,
          0.0024686009,
          0.3613787,
          1.0156612,
          1
        ]
      },
      {
        "date" : 760425997.682883,
        "title" : "Untitled",
        "transform" : [
          0.9979069,
          1.5991365e-10,
          -0.06466656,
          0,
          -0.0076878774,
          0.99290806,
          -0.11863611,
          0,
          0.064207934,
          0.118884906,
          0.9908298,
          0,
          0.27867717,
          0.41770795,
          1.0024416,
          1
        ]
      },
      {
        "date" : 760425988.656424,
        "title" : "Untitled",
        "transform" : [
          0.9999016,
          -5.7902128e-11,
          -0.014027519,
          0,
          -0.0014045541,
          0.99497455,
          -0.10011863,
          0,
          0.013957024,
          0.100128464,
          0.99487656,
          0,
          0.09597727,
          0.30775625,
          0.5789849,
          1
        ]
      },
      {
        "date" : 760425955.783731,
        "title" : "Untitled",
        "transform" : [
          0.998016,
          -2.940895e-09,
          -0.06296267,
          0,
          -0.019814663,
          0.9491895,
          -0.3140807,
          0,
          0.059763514,
          0.31470513,
          0.9473062,
          0,
          0.22835034,
          0.7202784,
          2.0207226,
          1
        ]
      }
    ],
    "0842F586-AF8F-47BC-A82E-D5CCE52B9E20" : [
      {
        "date" : 761871565.291882,
        "title" : "Untitled",
        "transform" : [
          0.6872562,
          -1.4111876e-08,
          -0.7264152,
          0,
          -0.070478246,
          0.9952823,
          -0.06667911,
          0,
          0.722988,
          0.09702226,
          0.6840138,
          0,
          1.1656042,
          1.006114,
          1.5805583,
          1
        ]
      },
      {
        "date" : 761871558.589337,
        "title" : "Untitled",
        "transform" : [
          0.554547,
          -1.6514234e-08,
          -0.8321525,
          0,
          -0.2820951,
          0.9407884,
          -0.1879885,
          0,
          0.78287923,
          0.3389947,
          0.5217113,
          0,
          1.1605116,
          1.4509023,
          1.1904445,
          1
        ]
      },
      {
        "date" : 761871552.383155,
        "title" : "Untitled",
        "transform" : [
          -0.21747898,
          -2.2385446e-08,
          -0.9760649,
          0,
          -0.07777032,
          0.99682075,
          0.017328048,
          0,
          0.97296184,
          0.07967753,
          -0.21678758,
          0,
          1.209869,
          0.6718831,
          -0.115742885,
          1
        ]
      },
      {
        "date" : 761871550.047183,
        "title" : "Untitled",
        "transform" : [
          0.55701345,
          -2.4959558e-08,
          -0.8305034,
          0,
          -0.15880598,
          0.9815479,
          -0.10651031,
          0,
          0.815179,
          0.19121678,
          0.5467354,
          0,
          0.84895307,
          0.80319077,
          0.75017965,
          1
        ]
      },
      {
        "date" : 761871257.058664,
        "title" : "Untitled",
        "transform" : [
          0.4900045,
          -2.6921319e-08,
          -0.8717199,
          0,
          -0.23367852,
          0.96340054,
          -0.1313537,
          0,
          0.8398153,
          0.26806632,
          0.4720706,
          0,
          1.1357083,
          1.1020753,
          1.0253857,
          1
        ]
      },
      {
        "date" : 761749999.000328,
        "title" : "Untitled",
        "transform" : [
          0.7415346,
          -2.5540004e-08,
          -0.67091465,
          0,
          -0.24765764,
          0.92937595,
          -0.27372605,
          0,
          0.62353194,
          0.36913466,
          0.6891644,
          0,
          0.66672873,
          1.2547413,
          1.2397245,
          1
        ]
      },
      {
        "date" : 761749991.87124,
        "title" : "Untitled",
        "transform" : [
          0.9906262,
          -2.4293346e-08,
          0.13660046,
          0,
          0.069118954,
          0.86253744,
          -0.50125,
          0,
          -0.11782302,
          0.5059932,
          0.8544522,
          0,
          -0.04450488,
          1.2222018,
          1.2986093,
          1
        ]
      },
      {
        "date" : 761749989.637428,
        "title" : "Untitled",
        "transform" : [
          0.99037457,
          -2.4558075e-08,
          -0.13841397,
          0,
          -0.07558335,
          0.8377409,
          -0.54081166,
          0,
          0.11595505,
          0.54606783,
          0.8296772,
          0,
          0.3303222,
          1.2864491,
          1.2996695,
          1
        ]
      },
      {
        "date" : 761749985.749949,
        "title" : "Untitled",
        "transform" : [
          0.3336977,
          -2.4270548e-08,
          -0.94268024,
          0,
          -0.36082807,
          0.92384434,
          -0.12772894,
          0,
          0.8708898,
          0.3827683,
          0.30828473,
          0,
          1.5071281,
          1.0195161,
          0.37730178,
          1
        ]
      },
      {
        "date" : 761749980.133818,
        "title" : "Untitled",
        "transform" : [
          0.07232383,
          -2.3023807e-08,
          -0.99738127,
          0,
          -0.19797648,
          0.98010164,
          -0.014356054,
          0,
          0.977535,
          0.1984963,
          0.07088469,
          0,
          1.7196152,
          0.70399004,
          -0.022941178,
          1
        ]
      }
    ],
    "08D2663F-91D5-4CCB-9543-F1FD7D75C0A6" : [
      {
        "date" : 761833442.958041,
        "title" : "Untitled",
        "transform" : [
          0.9994642,
          -6.821729e-10,
          -0.03272963,
          0,
          -0.014032194,
          0.9034324,
          -0.42850095,
          0,
          0.029569007,
          0.42873064,
          0.9029484,
          0,
          0.0004476168,
          0.0064901416,
          0.013668867,
          1
        ]
      },
      {
        "date" : 761833323.828861,
        "title" : "Untitled",
        "transform" : [
          1,
          0,
          0,
          0,
          0,
          0.7071069,
          -0.70710677,
          0,
          0,
          0.70710677,
          0.7071069,
          0,
          0,
          0.01070421,
          0.010704211,
          1
        ]
      }
    ],
    "09F43387-7A3D-41FE-B7FE-C6B17EBFDF66" : [
      {
        "date" : 758189608.052107,
        "title" : "Untitled",
        "transform" : [
          0.9307846,
          -7.695134e-09,
          -0.36556813,
          0,
          -0.1479063,
          0.9144969,
          -0.37658894,
          0,
          0.33431095,
          0.40459302,
          0.8511997,
          0,
          0.010002088,
          0.012104824,
          0.025466632,
          1
        ]
      },
      {
        "date" : 758189606.125206,
        "title" : "Untitled",
        "transform" : [
          1,
          0,
          0,
          0,
          0,
          0.7071069,
          -0.70710677,
          0,
          0,
          0.70710677,
          0.7071069,
          0,
          0,
          0.021155586,
          0.02115559,
          1
        ]
      },
      {
        "date" : 758189603.233586,
        "title" : "Untitled",
        "transform" : [
          1,
          0,
          0,
          0,
          0,
          0.7071069,
          -0.70710677,
          0,
          0,
          0.70710677,
          0.7071069,
          0,
          0,
          0.03267924,
          0.032679245,
          1
        ]
      }
    ],
    "0CFE82D1-115A-4DBE-8658-F39A2055C113" : [
      {
        "date" : 761875500.922166,
        "title" : "Untitled",
        "transform" : [
          -0.08024755,
          1.2159614e-08,
          -0.99677503,
          0,
          -0.6637848,
          0.746012,
          0.053439483,
          0,
          0.7436061,
          0.6659324,
          -0.059865702,
          0,
          1.9231882,
          1.7223011,
          -0.15483038,
          1
        ]
      }
    ],
    "0F5356CE-776F-4E5C-96DC-05FC23C0E6CA" : [
      {
        "date" : 761874376.131011,
        "title" : "Untitled",
        "transform" : [
          -0.8223709,
          -1.1903971e-08,
          -0.56895196,
          0,
          -0.15007174,
          0.9645859,
          0.21691595,
          0,
          0.54880303,
          0.26376823,
          -0.79324746,
          0,
          0.45078683,
          0.18627924,
          -0.7981973,
          1
        ]
      },
      {
        "date" : 761874361.697661,
        "title" : "Untitled",
        "transform" : [
          -0.9491539,
          -1.0733903e-08,
          -0.31481266,
          0,
          -0.1284665,
          0.91294914,
          0.3873245,
          0,
          0.2874079,
          0.40807274,
          -0.86652946,
          0,
          0.18667373,
          0.31336135,
          -0.8634097,
          1
        ]
      },
      {
        "date" : 761874332.547469,
        "title" : "Untitled",
        "transform" : [
          -0.07858335,
          -9.506795e-09,
          0.9969076,
          0,
          0.46804243,
          0.8829356,
          0.036894277,
          0,
          -0.88020545,
          0.4694936,
          -0.069383964,
          0,
          -0.8606782,
          0.34911504,
          -0.118397005,
          1
        ]
      },
      {
        "date" : 761874314.351183,
        "title" : "Untitled",
        "transform" : [
          -0.16586362,
          -1.0176501e-08,
          0.9861488,
          0,
          0.48106122,
          0.8729453,
          0.080911115,
          0,
          -0.8608542,
          0.4878175,
          -0.14478981,
          0,
          -0.8395771,
          0.36713925,
          -0.19231498,
          1
        ]
      },
      {
        "date" : 761874241.557071,
        "title" : "Untitled",
        "transform" : [
          -0.16586362,
          -1.0176501e-08,
          0.9861488,
          0,
          0.48106122,
          0.8729453,
          0.080911115,
          0,
          -0.8608543,
          0.48781756,
          -0.14478983,
          0,
          -1.4032669,
          0.6596968,
          -0.109434746,
          1
        ]
      },
      {
        "date" : 761874097.511659,
        "title" : "Untitled",
        "transform" : [
          -0.07141204,
          -1.045574e-08,
          0.99744695,
          0,
          0.44459313,
          0.8951669,
          0.03183041,
          0,
          -0.8928819,
          0.4457306,
          -0.063925646,
          0,
          -1.4370404,
          0.5922438,
          0.022266833,
          1
        ]
      },
      {
        "date" : 761873959.746131,
        "title" : "Untitled",
        "transform" : [
          -0.116889305,
          -1.0080562e-08,
          0.993145,
          0,
          0.32785064,
          0.9439412,
          0.03858659,
          0,
          -0.9374707,
          0.33011302,
          -0.110336594,
          0,
          -1.4990249,
          0.4082686,
          -0.050735828,
          1
        ]
      },
      {
        "date" : 761844845.510288,
        "title" : "Untitled",
        "transform" : [
          -0.868142,
          1.7276136e-08,
          -0.49631587,
          0,
          -0.36463457,
          0.6784107,
          0.63780904,
          0,
          0.33670616,
          0.73468244,
          -0.5889573,
          0,
          0.45145506,
          1.0622828,
          -1.0411898,
          1
        ]
      },
      {
        "date" : 761844832.632029,
        "title" : "Untitled",
        "transform" : [
          -0.8855751,
          7.8219795e-09,
          -0.4644962,
          0,
          -0.21476921,
          0.8866868,
          0.40946403,
          0,
          0.41186252,
          0.46237028,
          -0.78522795,
          0,
          0.14145347,
          0.21211593,
          -0.52295077,
          1
        ]
      },
      {
        "date" : 761844555.661808,
        "title" : "Untitled",
        "transform" : [
          -0.99607915,
          7.892738e-09,
          0.08846729,
          0,
          0.04404658,
          0.86724406,
          0.4959312,
          0,
          -0.07672299,
          0.49788305,
          -0.8638438,
          0,
          -0.16316478,
          0.23334776,
          -0.5073518,
          1
        ]
      }
    ],
    "106711B8-C93D-45D8-A48A-B891E443F879" : [
      {
        "date" : 761832818.606129,
        "title" : "Untitled",
        "transform" : [
          0.42885044,
          -2.2557196e-09,
          0.9033755,
          0,
          0.33527616,
          0.92857814,
          -0.1591623,
          0,
          -0.83885455,
          0.37113714,
          0.3982211,
          0,
          -182.61543,
          80.79511,
          86.69119,
          1
        ]
      },
      {
        "date" : 761809254.025418,
        "title" : "Untitled",
        "transform" : [
          0.6474882,
          3.5389565e-09,
          0.7620755,
          0,
          0.59727204,
          0.62108415,
          -0.50746495,
          0,
          -0.4733129,
          0.7837439,
          0.4021446,
          0,
          -103.038414,
          170.61803,
          87.54533,
          1
        ]
      }
    ],
    "118D6448-F4ED-40D3-964F-FFD03669E5F6" : [
      {
        "date" : 760159897.454947,
        "title" : "Untitled",
        "transform" : [
          0.23643501,
          -2.8342337e-09,
          0.97164726,
          0,
          0.66406006,
          0.7300092,
          -0.1615885,
          0,
          -0.7093114,
          0.6834373,
          0.17259966,
          0,
          -0.11890313,
          0.1188243,
          0.026813483,
          1
        ]
      },
      {
        "date" : 760159440.447924,
        "title" : "Untitled",
        "transform" : [
          0.23643501,
          -2.8342337e-09,
          0.97164726,
          0,
          0.66406006,
          0.7300092,
          -0.1615885,
          0,
          -0.7093114,
          0.6834373,
          0.17259966,
          0,
          -0.11646642,
          0.12021535,
          0.031319357,
          1
        ]
      }
    ],
    "1510E1C6-EB16-4444-9EB5-B6DC3BF1FEF9" : [
      {
        "date" : 760594589.318253,
        "title" : "Untitled",
        "transform" : [
          0.6586944,
          1.1295269e-08,
          -0.75241065,
          0,
          -0.053703528,
          0.99744964,
          -0.0470145,
          0,
          0.7504918,
          0.07137518,
          0.6570142,
          0,
          404.03314,
          38.416897,
          353.7106,
          1
        ]
      },
      {
        "date" : 760594464.828928,
        "title" : "Untitled",
        "transform" : [
          0.65730536,
          1.6226345e-08,
          -0.7536243,
          0,
          -0.23541659,
          0.9499575,
          -0.20532855,
          0,
          0.71591127,
          0.31237915,
          0.62441206,
          0,
          385.41788,
          168.1638,
          336.16028,
          1
        ]
      },
      {
        "date" : 760415343.963448,
        "title" : "Untitled",
        "transform" : [
          0.99807584,
          1.6226343e-08,
          -0.062002532,
          0,
          -0.019368287,
          0.9499575,
          -0.31177822,
          0,
          0.058899928,
          0.31237915,
          0.94812983,
          0,
          14.935501,
          79.21058,
          240.432,
          1
        ]
      },
      {
        "date" : 760415284.151266,
        "title" : "Untitled",
        "transform" : [
          0.99995553,
          1.5308713e-08,
          -0.009438598,
          0,
          -0.0034028508,
          0.93274915,
          -0.3605099,
          0,
          0.008804011,
          0.36052588,
          0.9327078,
          0,
          0.025336567,
          1.0375375,
          2.6841888,
          1
        ]
      }
    ],
    "16EA7BD5-6EA9-4CB6-A24E-333D8B8FB767" : [
      {
        "date" : 761875177.982241,
        "title" : "Untitled",
        "transform" : [
          0.7681209,
          -1.9070626e-08,
          0.64030474,
          0,
          0.3294676,
          0.85746145,
          -0.39523524,
          0,
          -0.5490361,
          0.5145488,
          0.6586342,
          0,
          -0.024823008,
          0.02120319,
          0.027680658,
          1
        ]
      },
      {
        "date" : 761875076.910544,
        "title" : "Untitled",
        "transform" : [
          0.89786845,
          -1.721976e-08,
          0.44026366,
          0,
          0.19772631,
          0.89347696,
          -0.4032409,
          0,
          -0.39336482,
          0.44910955,
          0.8022248,
          0,
          -0.018215617,
          0.018370565,
          0.034098234,
          1
        ]
      },
      {
        "date" : 761875052.747843,
        "title" : "Untitled",
        "transform" : [
          0.8139686,
          -1.5987938e-08,
          0.58090883,
          0,
          0.3193483,
          0.8353364,
          -0.44747052,
          0,
          -0.48525363,
          0.5497397,
          0.6799376,
          0,
          -0.023397356,
          0.024012173,
          0.030341908,
          1
        ]
      },
      {
        "date" : 761843648.157558,
        "title" : "Untitled",
        "transform" : [
          0.955494,
          -1.1314947e-08,
          0.29501083,
          0,
          0.1340103,
          0.8908714,
          -0.43403855,
          0,
          -0.2628161,
          0.45425627,
          0.8512221,
          0,
          -0.0073535247,
          0.010808602,
          0.021170488,
          1
        ]
      },
      {
        "date" : 761843631.584808,
        "title" : "Untitled",
        "transform" : [
          0.9986234,
          -1.567131e-08,
          -0.05245491,
          0,
          -0.038621504,
          0.676678,
          -0.73526555,
          0,
          0.035495583,
          0.73627955,
          0.6757459,
          0,
          0.00012392945,
          0.017937405,
          0.017243082,
          1
        ]
      },
      {
        "date" : 761843604.791439,
        "title" : "Untitled",
        "transform" : [
          0.81668586,
          -1.602604e-08,
          -0.57708263,
          0,
          -0.12607646,
          0.97584325,
          -0.17842302,
          0,
          0.5631425,
          0.21847266,
          0.79695696,
          0,
          0.01343269,
          0.00489992,
          0.020362793,
          1
        ]
      },
      {
        "date" : 761843580.957713,
        "title" : "Untitled",
        "transform" : [
          0.92142266,
          -1.6315257e-08,
          -0.38856187,
          0,
          -0.09464049,
          0.96988434,
          -0.22442722,
          0,
          0.3768604,
          0.2435666,
          0.8936731,
          0,
          0.008702196,
          0.0055270866,
          0.02264537,
          1
        ]
      },
      {
        "date" : 761843573.180835,
        "title" : "Untitled",
        "transform" : [
          0.7954784,
          -2.03804e-08,
          0.6059819,
          0,
          0.20686154,
          0.9399305,
          -0.27154922,
          0,
          -0.5695805,
          0.3413665,
          0.7476946,
          0,
          -0.014895477,
          0.007975043,
          0.018265076,
          1
        ]
      },
      {
        "date" : 761843571.057672,
        "title" : "Untitled",
        "transform" : [
          0.6478483,
          -2.0638447e-08,
          0.76176935,
          0,
          0.3137903,
          0.91121876,
          -0.2668636,
          0,
          -0.6941381,
          0.4119236,
          0.59033173,
          0,
          -0.017935425,
          0.009744977,
          0.014228334,
          1
        ]
      },
      {
        "date" : 761843561.988457,
        "title" : "Untitled",
        "transform" : [
          0.9718267,
          -1.9448414e-08,
          0.23569658,
          0,
          0.07240981,
          0.95163965,
          -0.29856095,
          0,
          -0.22429784,
          0.3072169,
          0.9248288,
          0,
          -0.0063749985,
          0.007119588,
          0.022973035,
          1
        ]
      }
    ],
    "17F916B2-2C7F-435D-A1C8-7DEC2D52BF47" : [
      {
        "date" : 764227532.798906,
        "title" : "Untitled",
        "transform" : [
          0.99974114,
          6.262931e-09,
          -0.022748183,
          0,
          -0.0012236412,
          0.99855226,
          -0.053775087,
          0,
          0.022715736,
          0.05378886,
          0.9982939,
          0,
          0.24590532,
          4.419591,
          9.997643,
          1
        ]
      },
      {
        "date" : 764227516.951748,
        "title" : "Untitled",
        "transform" : [
          0.9784723,
          6.3260046e-09,
          0.20637804,
          0,
          0.023585873,
          0.99344796,
          -0.1118247,
          0,
          -0.20502537,
          0.114284836,
          0.97206146,
          0,
          -1.9867448,
          5.018315,
          9.508706,
          1
        ]
      },
      {
        "date" : 764227466.838449,
        "title" : "Untitled",
        "transform" : [
          0.9833029,
          6.0691154e-09,
          0.18197641,
          0,
          0.031336475,
          0.9850618,
          -0.1693257,
          0,
          -0.17925754,
          0.17220081,
          0.9686143,
          0,
          -1.6931727,
          5.5779433,
          9.250181,
          1
        ]
      },
      {
        "date" : 764227245.364893,
        "title" : "Untitled",
        "transform" : [
          0.9015238,
          6.114386e-09,
          0.43272945,
          0,
          0.065668635,
          0.98841816,
          -0.13681036,
          0,
          -0.42771727,
          0.15175442,
          0.8910828,
          0,
          -4.1018586,
          5.3819084,
          8.588129,
          1
        ]
      },
      {
        "date" : 764227234.455882,
        "title" : "Untitled",
        "transform" : [
          0.99852294,
          5.007515e-09,
          0.0543317,
          0,
          0.018650766,
          0.93923414,
          -0.34277004,
          0,
          -0.051029697,
          0.34327695,
          0.937847,
          0,
          -2.1953998,
          6.414978,
          9.329517,
          1
        ]
      },
      {
        "date" : 764227221.984366,
        "title" : "Untitled",
        "transform" : [
          0.96668905,
          6.124749e-09,
          0.25595316,
          0,
          0.13619581,
          0.84667355,
          -0.51438737,
          0,
          -0.21670851,
          0.5321124,
          0.8184705,
          0,
          -1.3401418,
          3.4680805,
          3.4082313,
          1
        ]
      },
      {
        "date" : 764227173.106717,
        "title" : "Untitled",
        "transform" : [
          0.99821705,
          3.425364e-09,
          -0.05968762,
          0,
          -0.012629702,
          0.9773572,
          -0.21121867,
