{
  "advancedEditorSelectedIdentifier" : "ProjectBrowser",
  "openSceneRelativePaths" : [
    "Immersive.usda"
  ],
  "recentIdentifiers" : {
    "09F43387-7A3D-41FE-B7FE-C6B17EBFDF66" : [

    ],
    "20C21902-0179-4281-AE51-64D0A5A9CC4C" : [

    ],
    "2AF3A919-C66B-4C7C-A870-F6D30FF215B9" : [

    ],
    "446F2E5B-31AF-49E6-9998-FABAE93114D1" : [

    ],
    "44D2335E-13CC-49E3-9E19-979D011AA283" : [

    ],
    "4623FFAD-0964-4DB9-A580-F1BABC27B7BF" : [

    ],
    "5FBBAB14-99C6-4A7D-BB2B-82DDF9F34197" : [

    ],
    "843DE857-CE6C-4CD9-A795-580A03DB0CFB" : [

    ],
    "84585AB8-3ED0-4956-A553-73043BA17A52" : [

    ],
    "8A94C0A2-65C7-4905-9D43-D69DB00B8CA3" : [

    ],
    "91AC0ED2-2691-49CD-92C7-081AF0522880" : [

    ],
    "934D1AA2-187A-456A-B33A-409B43C3F2C2" : [

    ],
    "984E0C43-CD31-45CE-9CE4-5EA1A7C7C6DC" : [

    ],
    "A36EA911-7AD8-41FC-B0C0-409D09609D65" : [

    ],
    "A9FCB870-C293-45C5-9F22-030B106C1CB3" : [

    ],
    "C6A7F375-BFE9-46E0-9EA6-1A6B150F43FD" : [

    ],
    "CF5CA3BB-CE1B-40A9-B822-FE6979A1A32C" : [

    ],
    "DFA3A091-E58A-44CB-9FAF-7B96AAC3B307" : [

    ],
    "ED577AC1-E01B-408C-8829-F09D12C81FF3" : [

    ],
    "FA2239FA-3AF5-4C43-AEE7-0F6856A5991E" : [

    ]
  },
  "sceneCameraHistory" : {
    "022D3D06-238A-432C-AF72-7B7C2A8FEFA6" : [
      {
        "date" : 758504224.997998,
        "title" : "Untitled",
        "transform" : [
          0.9986645,
          8.973544e-10,
          -0.051663347,
          0,
          -0.046648428,
          0.42978597,
          -0.9017251,
          0,
          0.022204177,
          0.9029309,
          0.429212,
          0,
          0.0014077699,
          0.057246845,
          0.027212523,
          1
        ]
      },
      {
        "date" : 758504210.791224,
        "title" : "Untitled",
        "transform" : [
          1,
          0,
          0,
          0,
          0,
          0.7071069,
          -0.70710677,
          0,
          0,
          0.70710677,
          0.7071069,
          0,
          0,
          1.2330446,
          1.2330447,
          1
        ]
      }
    ],
    "09F43387-7A3D-41FE-B7FE-C6B17EBFDF66" : [
      {
        "date" : 758189608.052107,
        "title" : "Untitled",
        "transform" : [
          0.9307846,
          -7.695134e-09,
          -0.36556813,
          0,
          -0.1479063,
          0.9144969,
          -0.37658894,
          0,
          0.33431095,
          0.40459302,
          0.8511997,
          0,
          0.010002088,
          0.012104824,
          0.025466632,
          1
        ]
      },
      {
        "date" : 758189606.125206,
        "title" : "Untitled",
        "transform" : [
          1,
          0,
          0,
          0,
          0,
          0.7071069,
          -0.70710677,
          0,
          0,
          0.70710677,
          0.7071069,
          0,
          0,
          0.021155586,
          0.02115559,
          1
        ]
      },
      {
        "date" : 758189603.233586,
        "title" : "Untitled",
        "transform" : [
          1,
          0,
          0,
          0,
          0,
          0.7071069,
          -0.70710677,
          0,
          0,
          0.70710677,
          0.7071069,
          0,
          0,
          0.03267924,
          0.032679245,
          1
        ]
      }
    ],
    "16EA7BD5-6EA9-4CB6-A24E-333D8B8FB767" : [
      {
        "date" : 758508841.296577,
        "title" : "Untitled",
        "transform" : [
          0.8885969,
          4.3462262e-10,
          0.45868886,
          0,
          0.17420974,
          0.925069,
          -0.33748844,
          0,
          -0.4243189,
          0.37979922,
          0.8220134,
          0,
          -0.013846339,
          0.012393582,
          0.026823875,
          1
        ]
      },
      {
        "date" : 758508782.896815,
        "title" : "Untitled",
        "transform" : [
          1,
          0,
          0,
          0,
          0,
          0.7071069,
          -0.70710677,
          0,
          0,
          0.70710677,
          0.7071069,
          0,
          0,
          0.027000004,
          0.027000004,
          1
        ]
      },
      {
        "date" : 758508775.812884,
        "title" : "Untitled",
        "transform" : [
          1,
          0,
          0,
          0,
          0,
          0.7071069,
          -0.70710677,
          0,
          0,
          0.70710677,
          0.7071069,
          0,
          0,
          0.17104092,
          0.17104094,
          1
        ]
      }
    ],
    "20C21902-0179-4281-AE51-64D0A5A9CC4C" : [
      {
        "date" : 758173240.116926,
        "title" : "Untitled",
        "transform" : [
          -0.9995787,
          -1.2681165e-08,
          0.029021602,
          0,
          0.0063011674,
          0.97614515,
          0.21702729,
          0,
          -0.028329404,
          0.21711868,
          -0.97573406,
          0,
          -0.5378863,
          1.0507354,
          -2.675933,
          1
        ]
      },
      {
        "date" : 758173223.128301,
        "title" : "Untitled",
        "transform" : [
          -0.97678494,
          -1.3042954e-08,
          0.21422204,
          0,
          0.122469865,
          0.8204657,
          0.5584238,
          0,
          -0.17576195,
          0.5716956,
          -0.8014186,
          0,
          -0.89693636,
          1.9940923,
          -1.9424429,
          1
        ]
      },
      {
        "date" : 758173213.169633,
        "title" : "Untitled",
        "transform" : [
          -0.9999752,
          -1.9965482e-08,
          0.0070444243,
          0,
          0.0019079853,
          0.9626227,
          0.27083912,
          0,
          -0.006781233,
          0.2708457,
          -0.962599,
          0,
          -0.47850186,
          1.1981218,
          -2.6247904,
          1
        ]
      },
      {
        "date" : 758173209.049411,
        "title" : "Untitled",
        "transform" : [
          -0.94119334,
          -1.9952404e-08,
          0.33786854,
          0,
          0.10529645,
          0.9501972,
          0.29332203,
          0,
          -0.32104185,
          0.31164896,
          -0.89431924,
          0,
          -1.3028295,
          1.3091033,
          -2.2677891,
          1
        ]
      },
      {
        "date" : 758173198.148085,
        "title" : "Untitled",
        "transform" : [
          -0.981692,
          -3.1678383e-08,
          0.19047555,
          0,
          0.029898798,
          0.98760355,
          0.15409529,
          0,
          -0.18811436,
          0.15696898,
          -0.9695224,
          0,
          -0.7326696,
          0.6641446,
          -1.961939,
          1
        ]
      },
      {
        "date" : 758173194.390675,
        "title" : "Untitled",
        "transform" : [
          -0.981692,
          -3.1678383e-08,
          0.19047555,
          0,
          0.029898798,
          0.98760355,
          0.15409529,
          0,
          -0.18811436,
          0.15696898,
          -0.9695224,
          0,
          -0.73144066,
          0.66303056,
          -1.9586482,
          1
        ]
      },
      {
        "date" : 758173174.540222,
        "title" : "Untitled",
        "transform" : [
          -0.99530905,
          -3.1551714e-08,
          -0.096746914,
          0,
          -0.024156772,
          0.9683257,
          0.24851936,
          0,
          0.09368247,
          0.24969056,
          -0.96378326,
          0,
          -0.1877737,
          1.0646765,
          -2.5077517,
          1
        ]
      },
      {
        "date" : 758173170.180895,
        "title" : "Untitled",
        "transform" : [
          -0.94820184,
          -2.5630811e-08,
          0.31766847,
          0,
          0.07598247,
          0.9709733,
          0.22679837,
          0,
          -0.30844766,
          0.23918779,
          -0.9206787,
          0,
          -0.92934096,
          0.805045,
          -1.7251145,
          1
        ]
      },
      {
        "date" : 758173161.680659,
        "title" : "Untitled",
        "transform" : [
          -0.98535377,
          -2.5630811e-08,
          0.17052245,
          0,
          0.040786926,
          0.9709733,
          0.23568466,
          0,
          -0.16557279,
          0.23918779,
          -0.95675224,
          0,
          -0.65758365,
          0.805045,
          -1.8458813,
          1
        ]
      },
      {
        "date" : 758173155.490076,
        "title" : "Untitled",
        "transform" : [
          -0.9843319,
          -2.5652307e-08,
          0.17632593,
          0,
          0.049168278,
          0.960335,
          0.27447966,
          0,
          -0.16933198,
          0.27884868,
          -0.9452884,
          0,
          -0.8668482,
          1.1564884,
          -2.3660572,
          1
        ]
      }
    ],
    "292DC280-B700-4314-9B0A-9033BCBA08E7" : [
      {
        "date" : 758504260.847062,
        "title" : "Untitled",
        "transform" : [
          0.7213637,
          -4.8573945e-09,
          -0.69255644,
          0,
          -0.37300298,
          0.8425688,
          -0.38851833,
          0,
          0.58352643,
          0.53858864,
          0.60779864,
          0,
          0.020909706,
          0.019299438,
          0.021779457,
          1
        ]
      },
      {
        "date" : 758504257.314064,
        "title" : "Untitled",
        "transform" : [
          0.8771991,
          2.5240965e-10,
          -0.48012683,
          0,
          -0.41338623,
          0.5086155,
          -0.7552631,
          0,
          0.24419993,
          0.8609938,
          0.44615704,
          0,
          0.008750499,
          0.030852292,
          0.015987298,
          1
        ]
      },
      {
        "date" : 758504243.881213,
        "title" : "Untitled",
        "transform" : [
          1,
          0,
          0,
          0,
          0,
          0.7071069,
          -0.70710677,
          0,
          0,
          0.70710677,
          0.7071069,
          0,
          0,
          0.339955,
          0.33995503,
          1
        ]
      }
    ],
    "2AF3A919-C66B-4C7C-A870-F6D30FF215B9" : [
      {
        "date" : 758173412.862046,
        "title" : "Untitled",
        "transform" : [
          0.7083723,
          -4.7559574e-09,
          -0.70583904,
          0,
          -0.44455564,
          0.7767364,
          -0.44615117,
          0,
          0.54825085,
          0.6298258,
          0.5502186,
          0,
          0.018584736,
          0.033127587,
          0.0374266,
          1
        ]
      },
      {
        "date" : 758171007.253253,
        "title" : "Untitled",
        "transform" : [
          0.9684155,
          -4.7559574e-09,
          -0.24934202,
          0,
          -0.15704203,
          0.7767364,
          -0.6099331,
          0,
          0.19367303,
          0.6298258,
          0.7522036,
          0,
          -0.009688687,
          0.051721092,
          0.06669065,
          1
        ]
      },
      {
        "date" : 758170994.09128,
        "title" : "Untitled",
        "transform" : [
          1,
          0,
          0,
          0,
          0,
          0.7071069,
          -0.70710677,
          0,
          0,
          0.70710677,
          0.7071069,
          0,
          0,
          0.039587546,
          0.03958755,
          1
        ]
      }
    ],
    "385DBD83-F2A4-44CF-AEAD-A7D115E5435C" : [
      {
        "date" : 758503775.998713,
        "title" : "Untitled",
        "transform" : [
          0.99575216,
          1.1295592e-08,
          0.09207381,
          0,
          0.08983685,
          0.21909057,
          -0.9715599,
          0,
          -0.02017249,
          0.97570455,
          0.21815988,
          0,
          -0.0051117865,
          0.07417529,
          0.022725854,
          1
        ]
      },
      {
        "date" : 758503770.599946,
        "title" : "Untitled",
        "transform" : [
          0.99990165,
          1.1685805e-08,
          0.01402602,
          0,
          0.011482327,
          0.57430065,
          -0.8185639,
          0,
          -0.00805514,
          0.8186445,
          0.57424414,
          0,
          -0.006467071,
          0.1494752,
          0.110086694,
          1
        ]
      },
      {
        "date" : 758503730.234024,
        "title" : "Untitled",
        "transform" : [
          0.9596088,
          -2.5152789e-09,
          0.28133786,
          0,
          0.2783998,
          0.14414349,
          -0.9495874,
          0,
          -0.04055301,
          0.9895567,
          0.13832131,
          0,
          -0.0014770571,
          0.18131933,
          0.022968687,
          1
        ]
      },
      {
        "date" : 758503722.282941,
        "title" : "Untitled",
        "transform" : [
          0.95960885,
          1.8948505e-09,
          0.2813379,
          0,
          0.27839977,
          0.14414331,
          -0.9495874,
          0,
          -0.040553022,
          0.9895568,
          0.13832128,
          0,
          -0.001439062,
          0.14867763,
          3.3352524e-05,
          1
        ]
      },
      {
        "date" : 758503701.092331,
        "title" : "Untitled",
        "transform" : [
          1,
          0,
          0,
          0,
          0,
          0.7071069,
          -0.70710677,
          0,
          0,
          0.70710677,
          0.7071069,
          0,
          0,
          0.22062334,
          0.22062336,
          1
        ]
      }
    ],
    "421985F8-628B-4418-9531-19D16C3538BE" : [
      {
        "date" : 758505883.459321,
        "title" : "Untitled",
        "transform" : [
          1,
          0,
          0,
          0,
          0,
          0.7071069,
          -0.70710677,
          0,
          0,
          0.70710677,
          0.7071069,
          0,
          0,
          0.048967455,
          0.048967455,
          1
        ]
      }
    ],
    "446F2E5B-31AF-49E6-9998-FABAE93114D1" : [
      {
        "date" : 758189635.080529,
        "title" : "Untitled",
        "transform" : [
          0.9817649,
          1.4125545e-09,
          0.19009934,
          0,
          0.07984217,
          0.90752316,
          -0.4123435,
          0,
          -0.17251956,
          0.4200023,
          0.8909743,
          0,
          -0.009329525,
          0.010933056,
          0.044771917,
          1
        ]
      },
      {
        "date" : 758189627.646826,
        "title" : "Untitled",
        "transform" : [
          1,
          0,
          0,
          0,
          0,
          0.7071069,
          -0.70710677,
          0,
          0,
          0.70710677,
          0.7071069,
          0,
          0,
          0.032592,
          0.032592017,
          1
        ]
      },
      {
        "date" : 758189625.164623,
        "title" : "Untitled",
        "transform" : [
          1,
          0,
          0,
          0,
          0,
          0.7071069,
          -0.70710677,
          0,
          0,
          0.70710677,
          0.7071069,
          0,
          0,
          0.054071445,
          0.054071464,
          1
        ]
      }
    ],
    "44D2335E-13CC-49E3-9E19-979D011AA283" : [
      {
        "date" : 758173386.542148,
        "title" : "Untitled",
        "transform" : [
          0.96751624,
          8.668421e-10,
          -0.25280896,
          0,
          -0.15349431,
          0.79458314,
          -0.5874327,
          0,
          0.20087773,
          0.6071554,
          0.76877207,
          0,
          0.015253295,
          0.04610308,
          0.058375515,
          1
        ]
      },
      {
        "date" : 758173383.764445,
        "title" : "Untitled",
        "transform" : [
          0.96751624,
          8.668421e-10,
          -0.25280896,
          0,
          -0.15349431,
          0.79458314,
          -0.5874327,
          0,
          0.20087773,
          0.6071554,
          0.76877207,
          0,
          0.21529275,
          0.65072465,
          0.8239392,
          1
        ]
      }
    ],
    "44EA9F97-DFB3-4020-9ABF-C5391888B29E" : [
      {
        "date" : 758503900.115841,
        "title" : "Untitled",
        "transform" : [
          0.8411403,
          -1.1684378e-09,
          0.540817,
          0,
          0.5345844,
          0.15138116,
          -0.8314466,
          0,
          -0.08186952,
          0.9884755,
          0.12733282,
          0,
          -0.006537547,
          0.07893295,
          0.010167936,
          1
        ]
      },
      {
        "date" : 758503895.088706,
        "title" : "Untitled",
        "transform" : [
          1,
          0,
          0,
          0,
          0,
          0.7071069,
          -0.70710677,
          0,
          0,
          0.70710677,
          0.7071069,
          0,
          0,
          0.08566387,
          0.085663885,
          1
        ]
      }
    ],
    "4623FFAD-0964-4DB9-A580-F1BABC27B7BF" : [
      {
        "date" : 758189586.579802,
        "title" : "Untitled",
        "transform" : [
          1,
          0,
          0,
          0,
          0,
          0.7071069,
          -0.70710677,
          0,
          0,
          0.70710677,
          0.7071069,
          0,
          0,
          0.01413268,
          0.014132683,
          1
        ]
      },
      {
        "date" : 758189582.069669,
        "title" : "Untitled",
        "transform" : [
          1,
          0,
          0,
          0,
          0,
          0.7071069,
          -0.70710677,
          0,
          0,
          0.70710677,
          0.7071069,
          0,
          0,
          0.10249982,
          0.10249984,
          1
        ]
      }
    ],
    "5FBBAB14-99C6-4A7D-BB2B-82DDF9F34197" : [
      {
        "date" : 758505694.083589,
        "title" : "Untitled",
        "transform" : [
          0.98652524,
          1.2148383e-08,
          -0.16360947,
          0,
          -0.101899825,
          0.78236234,
          -0.61443114,
          0,
          0.12800185,
          0.6228236,
          0.77182007,
          0,
          0.010601575,
          0.03873248,
          0.045089502,
          1
        ]
      },
      {
        "date" : 758505684.402644,
        "title" : "Untitled",
        "transform" : [
          0.91946876,
          1.7021927e-08,
          0.39316317,
          0,
          0.35420367,
          0.43401098,
          -0.8283563,
          0,
          -0.17063716,
          0.90090764,
          0.3990595,
          0,
          -0.14659739,
          1.0085236,
          0.4268609,
          1
        ]
      },
      {
        "date" : 758505679.63312,
        "title" : "Untitled",
        "transform" : [
          0.9817548,
          1.7021927e-08,
          -0.19015127,
          0,
          -0.17130874,
          0.43401098,
          -0.8844703,
          0,
          0.08252773,
          0.90090764,
          0.42609236,
          0,
          0.037641328,
          0.17646527,
          0.0697026,
          1
        ]
      },
      {
        "date" : 758505670.782348,
        "title" : "Untitled",
        "transform" : [
          0.9817548,
          1.7021927e-08,
          -0.19015127,
          0,
          -0.17130874,
          0.43401098,
          -0.8844703,
          0,
          0.08252773,
          0.90090764,
          0.42609236,
          0,
          0.027133737,
          0.12720492,
          0.050245095,
          1
        ]
      },
      {
        "date" : 758505659.232215,
        "title" : "Untitled",
        "transform" : [
          0.9817548,
          1.7021927e-08,
          -0.19015127,
          0,
          -0.17130874,
          0.43401098,
          -0.8844703,
          0,
          0.08252773,
          0.90090764,
          0.42609236,
          0,
          0.016293347,
          0.076384395,
          0.030171325,
          1
        ]
      },
      {
        "date" : 758505657.512155,
        "title" : "Untitled",
        "transform" : [
          0.9817548,
          1.7021927e-08,
          -0.19015127,
          0,
          -0.17130874,
          0.43401098,
          -0.8844703,
          0,
          0.08252773,
          0.90090764,
          0.42609236,
          0,
          0.021157257,
          0.07464614,
          0.03290454,
          1
        ]
      },
      {
        "date" : 758504431.263245,
        "title" : "Untitled",
        "transform" : [
          0.9817548,
          1.7021927e-08,
          -0.19015127,
          0,
          -0.17130874,
          0.43401098,
          -0.8844703,
          0,
          0.08252773,
          0.90090764,
          0.42609236,
          0,
          0.08615528,
          0.3039694,
          0.13399184,
          1
        ]
      },
      {
        "date" : 758504429.829646,
        "title" : "Untitled",
        "transform" : [
          0.9808688,
          9.966707e-09,
          -0.19467016,
          0,
          -0.17537983,
          0.43401098,
          -0.88367206,
          0,
          0.08448897,
          0.9009077,
          0.42570782,
          0,
          0.08692683,
          0.30396938,
          0.13343753,
          1
        ]
      },
      {
        "date" : 758504414.012321,
        "title" : "Untitled",
        "transform" : [
          0.9942245,
          1.3428975e-08,
          0.107320674,
          0,
          0.09623151,
          0.44269416,
          -0.8914939,
          0,
          -0.047510244,
          0.8966727,
          0.44013733,
          0,
          -0.0034472216,
          0.14135736,
          0.059093557,
          1
        ]
      },
      {
        "date" : 758504398.297038,
        "title" : "Untitled",
        "transform" : [
          0.9942243,
          -2.352291e-09,
          0.107320644,
          0,
          0.096231416,
          0.4426943,
          -0.8914939,
          0,
          -0.047510207,
          0.89667267,
          0.4401375,
          0,
          -0.0069359057,
          0.13090305,
          0.064254604,
          1
        ]
      }
    ],
    "73D36C43-612F-47A6-BA5D-1FA6287758BB" : [
      {
        "date" : 758508261.819097,
        "title" : "Untitled",
        "transform" : [
          0.8763428,
          -1.4273827e-09,
          -0.4816881,
          0,
          -0.39178795,
          0.58175457,
          -0.712786,
          0,
          0.28022432,
          0.8133644,
          0.5098165,
          0,
          0.01628481,
          0.03785966,
          0.026060663,
          1
        ]
      },
      {
        "date" : 758508252.235961,
        "title" : "Untitled",
        "transform" : [
          0.85458404,
          -1.9634427e-10,
          0.5193131,
          0,
          0.45087478,
          0.4961904,
          -0.74196166,
          0,
          -0.25767824,
          0.8682137,
          0.4240365,
          0,
          -0.015164952,
          0.017923776,
          0.006189745,
          1
        ]
      },
      {
        "date" : 758508238.697546,
        "title" : "Untitled",
        "transform" : [
          0.99992335,
          -8.834947e-10,
          -0.012385389,
          0,
          -0.010090853,
          0.5798282,
          -0.81467634,
          0,
          0.007181349,
          0.81473875,
          0.5797838,
          0,
          -0.008604787,
          0.06965985,
          0.048117,
          1
        ]
      },
      {
        "date" : 758508214.427852,
        "title" : "Untitled",
        "transform" : [
          0.99996614,
          -1.4098526e-09,
          -0.008230587,
          0,
          -0.0064266957,
          0.6247427,
          -0.7808043,
          0,
          0.005141948,
          0.7808306,
          0.6247216,
          0,
          0.00018585124,
          0.02822276,
          0.022580259,
          1
        ]
      },
      {
        "date" : 758508199.663782,
        "title" : "Untitled",
        "transform" : [
          0.9999605,
          1.9342195e-09,
          -0.008892187,
          0,
          -0.0072506825,
          0.5788938,
          -0.8153708,
          0,
          0.005147604,
          0.815403,
          0.5788709,
          0,
          0.00020046771,
          0.031755403,
          0.02254378,
          1
        ]
      },
      {
        "date" : 758508175.692625,
        "title" : "Untitled",
        "transform" : [
          0.903209,
          1.933989e-09,
          0.4292012,
          0,
          0.34782776,
          0.5858671,
          -0.73196703,
          0,
          -0.25145486,
          0.8104071,
          0.5291604,
          0,
          -0.011808875,
          0.038058516,
          0.02485053,
          1
        ]
      },
      {
        "date" : 758508028.431211,
        "title" : "Untitled",
        "transform" : [
          0.903209,
          1.933989e-09,
          0.4292012,
          0,
          0.34782776,
          0.5858671,
          -0.73196703,
          0,
          -0.2514549,
          0.8104072,
          0.52916044,
          0,
          -0.029119475,
          0.093848385,
          0.061278876,
          1
        ]
      },
      {
        "date" : 758508025.08155,
        "title" : "Untitled",
        "transform" : [
          1,
          0,
          0,
          0,
          0,
          0.7071069,
          -0.70710677,
          0,
          0,
          0.70710677,
          0.7071069,
          0,
          0,
          0.08188578,
          0.081885785,
          1
        ]
      }
    ],
    "843DE857-CE6C-4CD9-A795-580A03DB0CFB" : [
      {
        "date" : 758191021.728999,
        "title" : "Untitled",
        "transform" : [
          1,
          0,
          0,
          0,
          0,
          0.7071069,
          -0.70710677,
          0,
          0,
          0.70710677,
          0.7071069,
          0,
          0,
          0.11889561,
          0.11889562,
          1
        ]
      }
    ],
    "84585AB8-3ED0-4956-A553-73043BA17A52" : [
      {
        "date" : 758508021.414223,
        "title" : "Untitled",
        "transform" : [
          0.97775406,
          3.172289e-09,
          0.20975453,
          0,
          0.19450821,
          0.3742858,
          -0.9066845,
          0,
          -0.07850814,
          0.92731345,
          0.3659594,
          0,
          -0.12888815,
          1.5223868,
          0.6008018,
          1
        ]
      }
    ],
    "8A94C0A2-65C7-4905-9D43-D69DB00B8CA3" : [
      {
        "date" : 758190999.357933,
        "title" : "Untitled",
        "transform" : [
          0.7483821,
          -5.5578866e-09,
          -0.66326785,
          0,
          -0.18077874,
          0.9621395,
          -0.20397727,
          0,
          0.6381562,
          0.2725577,
          0.7200479,
          0,
          0.023236457,
          0.009924333,
          0.026218288,
          1
        ]
      },
      {
        "date" : 758190997.658436,
        "title" : "Untitled",
        "transform" : [
          0.8300895,
          -5.980054e-10,
          -0.5576301,
          0,
          -0.34271887,
          0.7888398,
          -0.51017207,
          0,
          0.43988085,
          0.61459893,
          0.6548076,
          0,
          0.016016884,
          0.022378692,
          0.023842767,
          1
        ]
      },
      {
        "date" : 758190820.562225,
        "title" : "Untitled",
        "transform" : [
          0.8300895,
          -5.980054e-10,
          -0.5576301,
          0,
          -0.34271884,
          0.7888397,
          -0.510172,
          0,
          0.43988085,
          0.61459893,
          0.6548076,
          0,
          0.6915901,
          0.96628547,
          1.0295025,
          1
        ]
      }
    ],
    "91AC0ED2-2691-49CD-92C7-081AF0522880" : [
      {
        "date" : 758174118.025446,
        "title" : "Untitled",
        "transform" : [
          1,
          0,
          0,
          0,
          0,
          0.7071069,
          -0.70710677,
          0,
          0,
          0.70710677,
          0.7071069,
          0,
          -0.22834182,
          3.6219409,
          3.0754566,
          1
        ]
      },
      {
        "date" : 758173461.670171,
        "title" : "Untitled",
        "transform" : [
          1,
          0,
          0,
          0,
          0,
          0.7071069,
          -0.70710677,
          0,
          0,
          0.70710677,
          0.7071069,
          0,
          -0.22834182,
          2.1020327,
          1.5555483,
          1
        ]
      }
    ],
    "92BB395B-9DD7-47D9-B684-CC35F919F5E4" : [
      {
        "date" : 758508281.981551,
        "title" : "Untitled",
        "transform" : [
          0.99996597,
          -5.9185284e-10,
          -0.00825383,
          0,
          -0.0072806412,
          0.47107562,
          -0.88206285,
          0,
          0.0038881786,
          0.8820929,
          0.4710596,
          0,
          0.00013364071,
          0.030318435,
          0.016190812,
          1
        ]
      }
    ],
    "934D1AA2-187A-456A-B33A-409B43C3F2C2" : [
      {
        "date" : 758173361.730702,
        "title" : "Untitled",
        "transform" : [
          0.9907706,
          -7.0414705e-09,
          0.13555034,
          0,
          0.041665453,
          0.9515868,
          -0.30454352,
          0,
          -0.12898794,
          0.30738083,
          0.9428039,
          0,
          -0.0029230937,
          0.009874824,
          0.014913568,
          1
        ]
      },
      {
        "date" : 758173353.892206,
        "title" : "Untitled",
        "transform" : [
          0.7505932,
          -7.827577e-09,
          -0.6607646,
          0,
          -0.41776446,
          0.7747694,
          -0.47455794,
          0,
          0.51194,
          0.6322441,
          0.5815365,
          0,
          0.0073287236,
          0.014793525,
          0.011492788,
          1
        ]
      },
      {
        "date" : 758173338.53377,
        "title" : "Untitled",
        "transform" : [
          0.9934082,
          -8.062616e-09,
          -0.11462995,
          0,
          -0.079028085,
          0.72436345,
          -0.6848738,
          0,
          0.08303372,
          0.68941844,
          0.7195884,
          0,
          -0.00066903763,
          0.015776427,
          0.012461921,
          1
        ]
      },
      {
        "date" : 758173278.393292,
        "title" : "Untitled",
        "transform" : [
          0.9780718,
          -8.0625995e-09,
          0.20826788,
          0,
          0.14298697,
          0.7270792,
          -0.67149866,
          0,
          -0.15142722,
          0.68655366,
          0.71113557,
          0,
          -0.0068115694,
          0.025652613,
          0.021938415,
          1
        ]
      },
      {
        "date" : 758173274.522373,
        "title" : "Untitled",
        "transform" : [
          0.7685732,
          -3.6963004e-09,
          0.63976187,
          0,
          0.34456638,
          0.84257084,
          -0.41394246,
          0,
          -0.5390446,
          0.53858566,
          0.64757735,
          0,
          -0.018459333,
          0.018443618,
          0.022175988,
          1
        ]
      },
      {
        "date" : 758171606.501934,
        "title" : "Untitled",
        "transform" : [
          0.7685732,
          -3.6963004e-09,
          0.63976187,
          0,
          0.34456638,
          0.84257084,
          -0.41394246,
          0,
          -0.5390446,
          0.53858566,
          0.64757735,
          0,
          -0.0143310325,
          0.014318831,
          0.017216483,
          1
        ]
      },
      {
        "date" : 758170989.88604,
        "title" : "Untitled",
        "transform" : [
          0.7685732,
          -3.6963004e-09,
          0.63976187,
          0,
          0.34456638,
          0.84257084,
          -0.41394246,
          0,
          -0.5390446,
          0.53858566,
          0.64757735,
          0,
          -0.020865168,
          0.020847404,
          0.025066221,
          1
        ]
      },
      {
        "date" : 758170986.246974,
        "title" : "Untitled",
        "transform" : [
          0.08679964,
          4.947969e-09,
          0.99622583,
          0,
          0.7481057,
          0.6603705,
          -0.06518136,
          0,
          -0.65787804,
          0.7509401,
          0.057319954,
          0,
          -0.025464937,
          0.029067151,
          0.0022187266,
          1
        ]
      },
      {
        "date" : 758170943.984477,
        "title" : "Untitled",
        "transform" : [
          0.95707196,
          -8.5660035e-11,
          0.28985035,
          0,
          0.21318753,
          0.6775151,
          -0.70393497,
          0,
          -0.19637795,
          0.7355089,
          0.64843065,
          0,
          -0.004049748,
          0.015167824,
          0.013372077,
          1
        ]
      }
    ],
    "984E0C43-CD31-45CE-9CE4-5EA1A7C7C6DC" : [
      {
        "date" : 758505860.76047,
        "title" : "Untitled",
        "transform" : [
          0.9771245,
          -6.6454913e-09,
          0.21266823,
          0,
          0.15604682,
          0.67941254,
          -0.7169714,
          0,
          -0.14448959,
          0.7337566,
          0.6638706,
          0,
          -0.0064298576,
          0.024177404,
          0.02375558,
          1
        ]
      },
      {
        "date" : 758505855.033631,
        "title" : "Untitled",
        "transform" : [
          0.9783804,
          -5.133927e-09,
          -0.20681305,
          0,
          -0.16762668,
          0.5857067,
          -0.79300004,
          0,
          0.12113167,
          0.8105232,
          0.573044,
          0,
          0.0032373844,
          0.02697202,
          0.0212661,
          1
        ]
      },
      {
        "date" : 758505848.983652,
        "title" : "Untitled",
        "transform" : [
          0.7554113,
          -5.6641642e-09,
          -0.65525085,
          0,
          -0.25897083,
          0.91858476,
          -0.2985568,
          0,
          0.6019034,
          0.39522412,
          0.69390947,
          0,
          0.020216545,
          0.012133518,
          0.025185045,
          1
        ]
      },
      {
        "date" : 758505825.217788,
        "title" : "Untitled",
        "transform" : [
          0.698283,
          -1.2728289e-08,
          -0.7158218,
          0,
          -0.5243658,
          0.6807272,
          -0.5115181,
          0,
          0.48727933,
          0.73253703,
          0.4753403,
          0,
          0.024370883,
          0.035079442,
          0.026272882,
          1
        ]
      },
      {
        "date" : 758505803.133166,
        "title" : "Untitled",
        "transform" : [
          0.9477916,
          -1.5593896e-08,
          0.3188904,
          0,
          0.17202526,
          0.8420181,
          -0.5112855,
          0,
          -0.2685115,
          0.5394494,
          0.7980577,
          0,
          -0.015539806,
          0.025036061,
          0.04057686,
          1
        ]
      },
      {
        "date" : 758505795.932228,
        "title" : "Untitled",
        "transform" : [
          0.9961044,
          -1.552597e-08,
          -0.088182464,
          0,
          -0.07324176,
          0.5569121,
          -0.82733583,
          0,
          0.04910989,
          0.83057153,
          0.5547425,
          0,
          0.00060813717,
          0.028890027,
          0.021420859,
          1
        ]
      },
      {
        "date" : 758505786.367423,
        "title" : "Untitled",
        "transform" : [
          0.9782874,
          -1.520414e-08,
          -0.20725317,
          0,
          -0.18005234,
          0.49524066,
          -0.8498929,
          0,
          0.10264019,
          0.86875594,
          0.4844876,
          0,
          0.0027323575,
          0.030364618,
          0.019088764,
          1
        ]
      },
      {
        "date" : 758505776.950552,
        "title" : "Untitled",
        "transform" : [
          0.9569052,
          -1.510918e-08,
          -0.29040074,
          0,
          -0.22692144,
          0.62402034,
          -0.7477335,
          0,
          0.18121596,
          0.7814082,
          0.5971282,
          0,
          0.007064685,
          0.03371628,
          0.028794294,
          1
        ]
      },
      {
        "date" : 758505735.43401,
        "title" : "Untitled",
        "transform" : [
          0.83854,
          -6.1445036e-09,
          -0.54484004,
          0,
          -0.36514512,
          0.74219155,
          -0.5619793,
          0,
          0.40437567,
          0.67018783,
          0.6223573,
          0,
          0.06986342,
          0.11341661,
          0.119228914,
          1
        ]
      },
      {
        "date" : 758505732.449686,
        "title" : "Untitled",
        "transform" : [
          0.83854,
          2.5688285e-10,
          -0.54484004,
          0,
          -0.36514512,
          0.7421916,
          -0.5619793,
          0,
          0.40437573,
          0.6701878,
          0.6223574,
          0,
          0.010724406,
          0.018672856,
          0.017209772,
          1
        ]
      }
    ],
    "A1C3CBB6-C698-4E71-A962-A11A1E93A31C" : [
      {
        "date" : 758503875.248865,
        "title" : "Untitled",
        "transform" : [
          0.16495241,
          4.4163864e-09,
          -0.98630154,
          0,
          -0.6981318,
          0.7063851,
          -0.116757885,
          0,
          0.69670856,
          0.7078278,
          0.11651991,
          0,
          0.061275024,
          0.060345456,
          0.012180654,
          1
        ]
      },
      {
        "date" : 758503862.098169,
        "title" : "Untitled",
        "transform" : [
          0.90972334,
          9.4381e-09,
          -0.41521478,
          0,
          -0.33843926,
          0.5793283,
          -0.74151033,
          0,
          0.24054568,
          0.81509423,
          0.5270285,
          0,
          0.01602269,
          0.057122264,
          0.039530203,
          1
        ]
      },
      {
        "date" : 758503849.364882,
        "title" : "Untitled",
        "transform" : [
          0.94837767,
          2.1857431e-09,
          -0.317143,
          0,
          -0.2268579,
          0.6987997,
          -0.67839104,
          0,
          0.22161944,
          0.7153173,
          0.6627261,
          0,
          0.034707557,
          0.11990537,
          0.1177327,
          1
        ]
      },
      {
        "date" : 758503845.265909,
        "title" : "Untitled",
        "transform" : [
          0.9483778,
          1.0782442e-09,
          -0.31714305,
          0,
          -0.22685793,
          0.6987998,
          -0.6783911,
          0,
          0.22161952,
          0.71531725,
          0.66272616,
          0,
          0.008990095,
          0.029017176,
          0.026883788,
          1
        ]
      },
      {
        "date" : 758503836.383433,
        "title" : "Untitled",
        "transform" : [
          0.99986017,
          -5.3334954e-09,
          0.016725203,
          0,
          0.015609964,
          0.35904574,
