{
  "advancedEditorSelectedIdentifier" : "ProjectBrowser",
  "openSceneRelativePaths" : [
    "Immersive.usda"
  ],
  "recentIdentifiers" : {
    "00A0751F-9604-4664-B13A-926521D2E136" : [

    ],
    "09F43387-7A3D-41FE-B7FE-C6B17EBFDF66" : [

    ],
    "16EA7BD5-6EA9-4CB6-A24E-333D8B8FB767" : [

    ],
    "20C21902-0179-4281-AE51-64D0A5A9CC4C" : [

    ],
    "2AF3A919-C66B-4C7C-A870-F6D30FF215B9" : [

    ],
    "3A8D3956-CCCB-46DA-AEF8-D3E0DEE0A4E1" : [

    ],
    "446F2E5B-31AF-49E6-9998-FABAE93114D1" : [

    ],
    "44D2335E-13CC-49E3-9E19-979D011AA283" : [

    ],
    "4623FFAD-0964-4DB9-A580-F1BABC27B7BF" : [

    ],
    "507C9850-515E-426F-946F-F96DDC698E60" : [

    ],
    "575CF24E-0096-4CA8-BAFD-5968FA69DA8E" : [

    ],
    "5FBBAB14-99C6-4A7D-BB2B-82DDF9F34197" : [

    ],
    "712A1FB7-07DC-4487-8403-262CCFBA7B77" : [

    ],
    "74801EB2-B9E2-4B9D-AFD2-7DC30D6B8626" : [

    ],
    "78E4848F-DB49-472B-BB86-996A959A464D" : [

    ],
    "843DE857-CE6C-4CD9-A795-580A03DB0CFB" : [

    ],
    "84585AB8-3ED0-4956-A553-73043BA17A52" : [

    ],
    "8845BEBD-0D10-42CF-B5A1-8D6CA4F8533B" : [

    ],
    "8A94C0A2-65C7-4905-9D43-D69DB00B8CA3" : [

    ],
    "8AC9EDC3-EF5C-4FEA-8E24-A6AFE6CD98ED" : [

    ],
    "8ADE97B2-DC83-42F9-8F6C-872D6211ECDB" : [

    ],
    "91AC0ED2-2691-49CD-92C7-081AF0522880" : [

    ],
    "934D1AA2-187A-456A-B33A-409B43C3F2C2" : [

    ],
    "9362F25B-5B63-4970-AF9F-5AD6D8AE9798" : [

    ],
    "984E0C43-CD31-45CE-9CE4-5EA1A7C7C6DC" : [

    ],
    "9FACD3B0-7F68-41D3-AAA5-5F7A088EBE71" : [

    ],
    "A36EA911-7AD8-41FC-B0C0-409D09609D65" : [

    ],
    "A4E9CEF0-60DD-4DB3-8378-69ABF8F2477A" : [

    ],
    "A7241193-02B6-4243-82A0-565544EAC993" : [

    ],
    "A9FCB870-C293-45C5-9F22-030B106C1CB3" : [

    ],
    "AE0C1ED5-4713-4F23-AF89-55C916621D23" : [

    ],
    "AEECF129-78CA-4AF6-BF38-8430E45AF2EB" : [

    ],
    "BD0DB696-57D1-4296-83E1-95C5493984E8" : [

    ],
    "C6A7F375-BFE9-46E0-9EA6-1A6B150F43FD" : [

    ],
    "C7996E6C-F0CD-4080-AB91-CC34E7577CE5" : [

    ],
    "CF5CA3BB-CE1B-40A9-B822-FE6979A1A32C" : [

    ],
    "D13FD6CC-0F39-4C97-BB84-A1CF383B4627" : [

    ],
    "D147F741-F8BB-4469-8412-5B6C0398C86C" : [

    ],
    "DFA3A091-E58A-44CB-9FAF-7B96AAC3B307" : [

    ],
    "E40B2B15-778A-4F48-B6DA-7F08D4A812BB" : [

    ],
    "E4730617-4782-4659-B93A-13A013636F82" : [

    ],
    "ED577AC1-E01B-408C-8829-F09D12C81FF3" : [

    ],
    "EE72AD11-A55D-4CC8-9894-DB14DA569E0C" : [

    ],
    "FA2239FA-3AF5-4C43-AEE7-0F6856A5991E" : [

    ],
    "FE04C384-9C98-4052-A50B-968F29D01068" : [

    ]
  },
  "sceneCameraHistory" : {
    "00A0751F-9604-4664-B13A-926521D2E136" : [
      {
        "date" : 758777302.360625,
        "title" : "Untitled",
        "transform" : [
          0.628638,
          4.126922e-10,
          -0.777698,
          0,
          -0.5320789,
          0.72932106,
          -0.4300964,
          0,
          0.5671914,
          0.6841718,
          0.45847893,
          0,
          1.3759598,
          1.791248,
          1.2658088,
          1
        ]
      }
    ],
    "022D3D06-238A-432C-AF72-7B7C2A8FEFA6" : [
      {
        "date" : 758504224.997998,
        "title" : "Untitled",
        "transform" : [
          0.9986645,
          8.973544e-10,
          -0.051663347,
          0,
          -0.046648428,
          0.42978597,
          -0.9017251,
          0,
          0.022204177,
          0.9029309,
          0.429212,
          0,
          0.0014077699,
          0.057246845,
          0.027212523,
          1
        ]
      },
      {
        "date" : 758504210.791224,
        "title" : "Untitled",
        "transform" : [
          1,
          0,
          0,
          0,
          0,
          0.7071069,
          -0.70710677,
          0,
          0,
          0.70710677,
          0.7071069,
          0,
          0,
          1.2330446,
          1.2330447,
          1
        ]
      }
    ],
    "09F43387-7A3D-41FE-B7FE-C6B17EBFDF66" : [
      {
        "date" : 758189608.052107,
        "title" : "Untitled",
        "transform" : [
          0.9307846,
          -7.695134e-09,
          -0.36556813,
          0,
          -0.1479063,
          0.9144969,
          -0.37658894,
          0,
          0.33431095,
          0.40459302,
          0.8511997,
          0,
          0.010002088,
          0.012104824,
          0.025466632,
          1
        ]
      },
      {
        "date" : 758189606.125206,
        "title" : "Untitled",
        "transform" : [
          1,
          0,
          0,
          0,
          0,
          0.7071069,
          -0.70710677,
          0,
          0,
          0.70710677,
          0.7071069,
          0,
          0,
          0.021155586,
          0.02115559,
          1
        ]
      },
      {
        "date" : 758189603.233586,
        "title" : "Untitled",
        "transform" : [
          1,
          0,
          0,
          0,
          0,
          0.7071069,
          -0.70710677,
          0,
          0,
          0.70710677,
          0.7071069,
          0,
          0,
          0.03267924,
          0.032679245,
          1
        ]
      }
    ],
    "16EA7BD5-6EA9-4CB6-A24E-333D8B8FB767" : [
      {
        "date" : 759219506.723606,
        "title" : "Untitled",
        "transform" : [
          0.9998274,
          4.67444e-09,
          -0.01857534,
          0,
          -0.008486931,
          0.8895183,
          -0.45682067,
          0,
          0.01652322,
          0.45689943,
          0.88936484,
          0,
          0.00052301656,
          0.010124296,
          0.028588526,
          1
        ]
      },
      {
        "date" : 759219503.692345,
        "title" : "Untitled",
        "transform" : [
          0.64542085,
          4.67444e-09,
          0.7638271,
          0,
          0.34899232,
          0.8895183,
          -0.29489237,
          0,
          -0.67943823,
          0.4568995,
          0.57411385,
          0,
          -0.021845583,
          0.010124296,
          0.01844852,
          1
        ]
      },
      {
        "date" : 758855244.615854,
        "title" : "Untitled",
        "transform" : [
          0.4619743,
          4.9529802e-09,
          0.8868933,
          0,
          0.42868212,
          0.8754259,
          -0.22329628,
          0,
          -0.7764093,
          0.48335245,
          0.4044244,
          0,
          -0.025082475,
          0.0109766675,
          0.013056072,
          1
        ]
      },
      {
        "date" : 758855226.44059,
        "title" : "Untitled",
        "transform" : [
          0.9884234,
          5.5209664e-09,
          0.15172063,
          0,
          0.08910466,
          0.809374,
          -0.5804946,
          0,
          -0.12279866,
          0.5872935,
          0.80000436,
          0,
          -0.0032665906,
          0.010569916,
          0.021227537,
          1
        ]
      },
      {
        "date" : 758770663.138056,
        "title" : "Untitled",
        "transform" : [
          0.9671153,
          8.776288e-09,
          0.25433844,
          0,
          0.08519234,
          0.9422337,
          -0.32394117,
          0,
          -0.23964618,
          0.33495608,
          0.91124874,
          0,
          -0.006007077,
          0.004077837,
          0.02280983,
          1
        ]
      },
      {
        "date" : 758770627.722625,
        "title" : "Untitled",
        "transform" : [
          0.9671153,
          8.776288e-09,
          0.25433844,
          0,
          0.08519234,
          0.9422337,
          -0.32394117,
          0,
          -0.23964618,
          0.33495608,
          0.91124874,
          0,
          -0.0056732353,
          0.0065134,
          0.022002364,
          1
        ]
      },
      {
        "date" : 758517505.650626,
        "title" : "Untitled",
        "transform" : [
          0.7529137,
          7.142291e-09,
          0.6581193,
          0,
          0.33269525,
          0.8628126,
          -0.38061595,
          0,
          -0.56783354,
          0.505524,
          0.64962345,
          0,
          -0.013803627,
          0.010654287,
          0.01595807,
          1
        ]
      },
      {
        "date" : 758517437.900263,
        "title" : "Untitled",
        "transform" : [
          0.50154454,
          1.3976184e-08,
          0.86513186,
          0,
          0.85904163,
          0.118447915,
          -0.4980137,
          0,
          -0.102473125,
          0.9929603,
          0.059406985,
          0,
          -0.012224157,
          0.022088252,
          0.006825604,
          1
        ]
      },
      {
        "date" : 758517298.582561,
        "title" : "Untitled",
        "transform" : [
          0.70840025,
          2.5212945e-08,
          0.7058111,
          0,
          0.14671072,
          0.9781584,
          -0.14724883,
          0,
          -0.6903949,
          0.20786108,
          0.6929275,
          0,
          -0.024450436,
          0.007361437,
          0.02454013,
          1
        ]
      },
      {
        "date" : 758517293.592042,
        "title" : "Untitled",
        "transform" : [
          0.8508397,
          2.3624352e-08,
          0.52542543,
          0,
          0.20115703,
          0.92381227,
          -0.32574046,
          0,
          -0.48539448,
          0.38284585,
          0.78601605,
          0,
          -0.017924594,
          0.014137697,
          0.029025916,
          1
        ]
      }
    ],
    "20C21902-0179-4281-AE51-64D0A5A9CC4C" : [
      {
        "date" : 758173240.116926,
        "title" : "Untitled",
        "transform" : [
          -0.9995787,
          -1.2681165e-08,
          0.029021602,
          0,
          0.0063011674,
          0.97614515,
          0.21702729,
          0,
          -0.028329404,
          0.21711868,
          -0.97573406,
          0,
          -0.5378863,
          1.0507354,
          -2.675933,
          1
        ]
      },
      {
        "date" : 758173223.128301,
        "title" : "Untitled",
        "transform" : [
          -0.97678494,
          -1.3042954e-08,
          0.21422204,
          0,
          0.122469865,
          0.8204657,
          0.5584238,
          0,
          -0.17576195,
          0.5716956,
          -0.8014186,
          0,
          -0.89693636,
          1.9940923,
          -1.9424429,
          1
        ]
      },
      {
        "date" : 758173213.169633,
        "title" : "Untitled",
        "transform" : [
          -0.9999752,
          -1.9965482e-08,
          0.0070444243,
          0,
          0.0019079853,
          0.9626227,
          0.27083912,
          0,
          -0.006781233,
          0.2708457,
          -0.962599,
          0,
          -0.47850186,
          1.1981218,
          -2.6247904,
          1
        ]
      },
      {
        "date" : 758173209.049411,
        "title" : "Untitled",
        "transform" : [
          -0.94119334,
          -1.9952404e-08,
          0.33786854,
          0,
          0.10529645,
          0.9501972,
          0.29332203,
          0,
          -0.32104185,
          0.31164896,
          -0.89431924,
          0,
          -1.3028295,
          1.3091033,
          -2.2677891,
          1
        ]
      },
      {
        "date" : 758173198.148085,
        "title" : "Untitled",
        "transform" : [
          -0.981692,
          -3.1678383e-08,
          0.19047555,
          0,
          0.029898798,
          0.98760355,
          0.15409529,
          0,
          -0.18811436,
          0.15696898,
          -0.9695224,
          0,
          -0.7326696,
          0.6641446,
          -1.961939,
          1
        ]
      },
      {
        "date" : 758173194.390675,
        "title" : "Untitled",
        "transform" : [
          -0.981692,
          -3.1678383e-08,
          0.19047555,
          0,
          0.029898798,
          0.98760355,
          0.15409529,
          0,
          -0.18811436,
          0.15696898,
          -0.9695224,
          0,
          -0.73144066,
          0.66303056,
          -1.9586482,
          1
        ]
      },
      {
        "date" : 758173174.540222,
        "title" : "Untitled",
        "transform" : [
          -0.99530905,
          -3.1551714e-08,
          -0.096746914,
          0,
          -0.024156772,
          0.9683257,
          0.24851936,
          0,
          0.09368247,
          0.24969056,
          -0.96378326,
          0,
          -0.1877737,
          1.0646765,
          -2.5077517,
          1
        ]
      },
      {
        "date" : 758173170.180895,
        "title" : "Untitled",
        "transform" : [
          -0.94820184,
          -2.5630811e-08,
          0.31766847,
          0,
          0.07598247,
          0.9709733,
          0.22679837,
          0,
          -0.30844766,
          0.23918779,
          -0.9206787,
          0,
          -0.92934096,
          0.805045,
          -1.7251145,
          1
        ]
      },
      {
        "date" : 758173161.680659,
        "title" : "Untitled",
        "transform" : [
          -0.98535377,
          -2.5630811e-08,
          0.17052245,
          0,
          0.040786926,
          0.9709733,
          0.23568466,
          0,
          -0.16557279,
          0.23918779,
          -0.95675224,
          0,
          -0.65758365,
          0.805045,
          -1.8458813,
          1
        ]
      },
      {
        "date" : 758173155.490076,
        "title" : "Untitled",
        "transform" : [
          -0.9843319,
          -2.5652307e-08,
          0.17632593,
          0,
          0.049168278,
          0.960335,
          0.27447966,
          0,
          -0.16933198,
          0.27884868,
          -0.9452884,
          0,
          -0.8668482,
          1.1564884,
          -2.3660572,
          1
        ]
      }
    ],
    "292DC280-B700-4314-9B0A-9033BCBA08E7" : [
      {
        "date" : 758504260.847062,
        "title" : "Untitled",
        "transform" : [
          0.7213637,
          -4.8573945e-09,
          -0.69255644,
          0,
          -0.37300298,
          0.8425688,
          -0.38851833,
          0,
          0.58352643,
          0.53858864,
          0.60779864,
          0,
          0.020909706,
          0.019299438,
          0.021779457,
          1
        ]
      },
      {
        "date" : 758504257.314064,
        "title" : "Untitled",
        "transform" : [
          0.8771991,
          2.5240965e-10,
          -0.48012683,
          0,
          -0.41338623,
          0.5086155,
          -0.7552631,
          0,
          0.24419993,
          0.8609938,
          0.44615704,
          0,
          0.008750499,
          0.030852292,
          0.015987298,
          1
        ]
      },
      {
        "date" : 758504243.881213,
        "title" : "Untitled",
        "transform" : [
          1,
          0,
          0,
          0,
          0,
          0.7071069,
          -0.70710677,
          0,
          0,
          0.70710677,
          0.7071069,
          0,
          0,
          0.339955,
          0.33995503,
          1
        ]
      }
    ],
    "2AF3A919-C66B-4C7C-A870-F6D30FF215B9" : [
      {
        "date" : 758173412.862046,
        "title" : "Untitled",
        "transform" : [
          0.7083723,
          -4.7559574e-09,
          -0.70583904,
          0,
          -0.44455564,
          0.7767364,
          -0.44615117,
          0,
          0.54825085,
          0.6298258,
          0.5502186,
          0,
          0.018584736,
          0.033127587,
          0.0374266,
          1
        ]
      },
      {
        "date" : 758171007.253253,
        "title" : "Untitled",
        "transform" : [
          0.9684155,
          -4.7559574e-09,
          -0.24934202,
          0,
          -0.15704203,
          0.7767364,
          -0.6099331,
          0,
          0.19367303,
          0.6298258,
          0.7522036,
          0,
          -0.009688687,
          0.051721092,
          0.06669065,
          1
        ]
      },
      {
        "date" : 758170994.09128,
        "title" : "Untitled",
        "transform" : [
          1,
          0,
          0,
          0,
          0,
          0.7071069,
          -0.70710677,
          0,
          0,
          0.70710677,
          0.7071069,
          0,
          0,
          0.039587546,
          0.03958755,
          1
        ]
      }
    ],
    "385DBD83-F2A4-44CF-AEAD-A7D115E5435C" : [
      {
        "date" : 758503775.998713,
        "title" : "Untitled",
        "transform" : [
          0.99575216,
          1.1295592e-08,
          0.09207381,
          0,
          0.08983685,
          0.21909057,
          -0.9715599,
          0,
          -0.02017249,
          0.97570455,
          0.21815988,
          0,
          -0.0051117865,
          0.07417529,
          0.022725854,
          1
        ]
      },
      {
        "date" : 758503770.599946,
        "title" : "Untitled",
        "transform" : [
          0.99990165,
          1.1685805e-08,
          0.01402602,
          0,
          0.011482327,
          0.57430065,
          -0.8185639,
          0,
          -0.00805514,
          0.8186445,
          0.57424414,
          0,
          -0.006467071,
          0.1494752,
          0.110086694,
          1
        ]
      },
      {
        "date" : 758503730.234024,
        "title" : "Untitled",
        "transform" : [
          0.9596088,
          -2.5152789e-09,
          0.28133786,
          0,
          0.2783998,
          0.14414349,
          -0.9495874,
          0,
          -0.04055301,
          0.9895567,
          0.13832131,
          0,
          -0.0014770571,
          0.18131933,
          0.022968687,
          1
        ]
      },
      {
        "date" : 758503722.282941,
        "title" : "Untitled",
        "transform" : [
          0.95960885,
          1.8948505e-09,
          0.2813379,
          0,
          0.27839977,
          0.14414331,
          -0.9495874,
          0,
          -0.040553022,
          0.9895568,
          0.13832128,
          0,
          -0.001439062,
          0.14867763,
          3.3352524e-05,
          1
        ]
      },
      {
        "date" : 758503701.092331,
        "title" : "Untitled",
        "transform" : [
          1,
          0,
          0,
          0,
          0,
          0.7071069,
          -0.70710677,
          0,
          0,
          0.70710677,
          0.7071069,
          0,
          0,
          0.22062334,
          0.22062336,
          1
        ]
      }
    ],
    "3A8D3956-CCCB-46DA-AEF8-D3E0DEE0A4E1" : [
      {
        "date" : 758855794.643387,
        "title" : "Untitled",
        "transform" : [
          0.029384715,
          -6.2568635e-09,
          0.9995682,
          0,
          0.34326267,
          0.93918526,
          -0.0100910375,
          0,
          -0.9387797,
          0.34341094,
          0.027597813,
          0,
          -0.034162536,
          0.015759202,
          0.0013444907,
          1
        ]
      },
      {
        "date" : 758769055.465605,
        "title" : "Untitled",
        "transform" : [
          0.9993205,
          -1.0031824e-09,
          0.036857508,
          0,
          0.014293961,
          0.92173624,
          -0.38755396,
          0,
          -0.033972863,
          0.38781747,
          0.92111,
          0,
          -0.00080699194,
          0.015732324,
          0.030235419,
          1
        ]
      },
      {
        "date" : 758769048.143611,
        "title" : "Untitled",
        "transform" : [
          0.9993205,
          -1.0031824e-09,
          0.036857508,
          0,
          0.014293961,
          0.92173624,
          -0.38755396,
          0,
          -0.033972863,
          0.38781747,
          0.92111,
          0,
          -0.00026795207,
          0.0064944383,
          0.018484768,
          1
        ]
      },
      {
        "date" : 758769036.161318,
        "title" : "Untitled",
        "transform" : [
          1,
          0,
          0,
          0,
          0,
          0.7071069,
          -0.70710677,
          0,
          0,
          0.70710677,
          0.7071069,
          0,
          0.0005907789,
          0.01855981,
          0.020946905,
          1
        ]
      }
    ],
    "421985F8-628B-4418-9531-19D16C3538BE" : [
      {
        "date" : 758505883.459321,
        "title" : "Untitled",
        "transform" : [
          1,
          0,
          0,
          0,
          0,
          0.7071069,
          -0.70710677,
          0,
          0,
          0.70710677,
          0.7071069,
          0,
          0,
          0.048967455,
          0.048967455,
          1
        ]
      }
    ],
    "446F2E5B-31AF-49E6-9998-FABAE93114D1" : [
      {
        "date" : 758189635.080529,
        "title" : "Untitled",
        "transform" : [
          0.9817649,
          1.4125545e-09,
          0.19009934,
          0,
          0.07984217,
          0.90752316,
          -0.4123435,
          0,
          -0.17251956,
          0.4200023,
          0.8909743,
          0,
          -0.009329525,
          0.010933056,
          0.044771917,
          1
        ]
      },
      {
        "date" : 758189627.646826,
        "title" : "Untitled",
        "transform" : [
          1,
          0,
          0,
          0,
          0,
          0.7071069,
          -0.70710677,
          0,
          0,
          0.70710677,
          0.7071069,
          0,
          0,
          0.032592,
          0.032592017,
          1
        ]
      },
      {
        "date" : 758189625.164623,
        "title" : "Untitled",
        "transform" : [
          1,
          0,
          0,
          0,
          0,
          0.7071069,
          -0.70710677,
          0,
          0,
          0.70710677,
          0.7071069,
          0,
          0,
          0.054071445,
          0.054071464,
          1
        ]
      }
    ],
    "44D2335E-13CC-49E3-9E19-979D011AA283" : [
      {
        "date" : 758173386.542148,
        "title" : "Untitled",
        "transform" : [
          0.96751624,
          8.668421e-10,
          -0.25280896,
          0,
          -0.15349431,
          0.79458314,
          -0.5874327,
          0,
          0.20087773,
          0.6071554,
          0.76877207,
          0,
          0.015253295,
          0.04610308,
          0.058375515,
          1
        ]
      },
      {
        "date" : 758173383.764445,
        "title" : "Untitled",
        "transform" : [
          0.96751624,
          8.668421e-10,
          -0.25280896,
          0,
          -0.15349431,
          0.79458314,
          -0.5874327,
          0,
          0.20087773,
          0.6071554,
          0.76877207,
          0,
          0.21529275,
          0.65072465,
          0.8239392,
          1
        ]
      }
    ],
    "44EA9F97-DFB3-4020-9ABF-C5391888B29E" : [
      {
        "date" : 758503900.115841,
        "title" : "Untitled",
        "transform" : [
          0.8411403,
          -1.1684378e-09,
          0.540817,
          0,
          0.5345844,
          0.15138116,
          -0.8314466,
          0,
          -0.08186952,
          0.9884755,
          0.12733282,
          0,
          -0.006537547,
          0.07893295,
          0.010167936,
          1
        ]
      },
      {
        "date" : 758503895.088706,
        "title" : "Untitled",
        "transform" : [
          1,
          0,
          0,
          0,
          0,
          0.7071069,
          -0.70710677,
          0,
          0,
          0.70710677,
          0.7071069,
          0,
          0,
          0.08566387,
          0.085663885,
          1
        ]
      }
    ],
    "4623FFAD-0964-4DB9-A580-F1BABC27B7BF" : [
      {
        "date" : 758189586.579802,
        "title" : "Untitled",
        "transform" : [
          1,
          0,
          0,
          0,
          0,
          0.7071069,
          -0.70710677,
          0,
          0,
          0.70710677,
          0.7071069,
          0,
          0,
          0.01413268,
          0.014132683,
          1
        ]
      },
      {
        "date" : 758189582.069669,
        "title" : "Untitled",
        "transform" : [
          1,
          0,
          0,
          0,
          0,
          0.7071069,
          -0.70710677,
          0,
          0,
          0.70710677,
          0.7071069,
          0,
          0,
          0.10249982,
          0.10249984,
          1
        ]
      }
    ],
    "507C9850-515E-426F-946F-F96DDC698E60" : [
      {
        "date" : 759227967.57337,
        "title" : "Untitled",
        "transform" : [
          0.34675586,
          2.0124407e-08,
          -0.93795544,
          0,
          -0.3632538,
          0.92196107,
          -0.13429244,
          0,
          0.8647583,
          0.38728273,
          0.31969544,
          0,
          1.3531058,
          0.60598963,
          0.50023437,
          1
        ]
      },
      {
        "date" : 759227965.670364,
        "title" : "Untitled",
        "transform" : [
          0.15185629,
          1.2036282e-08,
          -0.9884026,
          0,
          -0.58349246,
          0.8071555,
          -0.089646585,
          0,
          0.79779446,
          0.590339,
          0.122571655,
          0,
          1.2483262,
          0.9237161,
          0.19179046,
          1
        ]
      },
      {
        "date" : 759227955.751172,
        "title" : "Untitled",
        "transform" : [
          0.8354086,
          1.2045234e-08,
          -0.54962945,
          0,
          -0.32519463,
          0.8061865,
          -0.4942791,
          0,
          0.44310367,
          0.5916617,
          0.67349505,
          0,
          0.6933339,
          0.9257857,
          1.0538322,
          1
        ]
      },
      {
        "date" : 759227848.342001,
        "title" : "Untitled",
        "transform" : [
          0.5695449,
          1.6997074e-08,
          -0.8219602,
          0,
          -0.39223564,
          0.87879723,
          -0.27178416,
          0,
          0.72233623,
          0.4771955,
          0.5005145,
          0,
          0.4350301,
          0.28739297,
          0.301437,
          1
        ]
      },
      {
        "date" : 759227843.434833,
        "title" : "Untitled",
        "transform" : [
          0.7299724,
          1.7160154e-08,
          -0.68347657,
          0,
          -0.34638047,
          0.8620684,
          -0.36994413,
          0,
          0.5892035,
          0.50679207,
          0.62928617,
          0,
          0.2682627,
          0.230741,
          0.2865123,
          1
        ]
      },
      {
        "date" : 759227838.906087,
        "title" : "Untitled",
        "transform" : [
          0.81111455,
          1.3576753e-08,
          -0.5848873,
          0,
          -0.24042973,
          0.91160375,
          -0.33342487,
          0,
          0.53318536,
          0.41107017,
          0.73941505,
          0,
          0.24275787,
          0.18715909,
          0.33665368,
          1
        ]
      },
      {
        "date" : 759227831.929205,
        "title" : "Untitled",
        "transform" : [
          0.9997182,
          1.3613023e-08,
          -0.023742761,
          0,
          -0.009690032,
          0.9129272,
          -0.4080074,
          0,
          0.021675343,
          0.40812254,
          0.91266984,
          0,
          0.00986873,
          0.18581705,
          0.4155361,
          1
        ]
      },
      {
        "date" : 759227819.314334,
        "title" : "Untitled",
        "transform" : [
          0.608712,
          1.3674944e-08,
          -0.79339135,
          0,
          -0.51380813,
          0.761972,
          -0.39420786,
          0,
          0.60454184,
          0.64761,
          0.4638215,
          0,
          0.2752463,
          0.29485503,
          0.2111767,
          1
        ]
      },
      {
        "date" : 759227815.042397,
        "title" : "Untitled",
        "transform" : [
          0.45274544,
          -1.4871047e-09,
          -0.8916399,
          0,
          -0.3057713,
          0.9393605,
          -0.15526055,
          0,
          0.83757114,
          0.34293145,
          0.42529118,
          0,
          0.38134387,
          0.15613571,
          0.19363393,
          1
        ]
      },
      {
        "date" : 759227807.491354,
        "title" : "Untitled",
        "transform" : [
          0.73384964,
          9.362253e-10,
          -0.67931205,
          0,
          -0.13961521,
          0.978652,
          -0.1508239,
          0,
          0.66481006,
          0.20552447,
          0.71818346,
          0,
          0.30268618,
          0.093574665,
          0.32698697,
          1
        ]
      }
    ],
    "5A60A3BE-A69C-49B8-9696-A848A5E60108" : [
      {
        "date" : 758777632.457619,
        "title" : "Untitled",
        "transform" : [
          0.91321784,
          6.7081194e-09,
          -0.40747163,
          0,
          -0.31087762,
          0.6464657,
          -0.69673324,
          0,
          0.2634164,
          0.762943,
          0.59036404,
          0,
          3.8343046,
          8.118208,
          4.147731,
          1
        ]
      }
    ],
    "5FBBAB14-99C6-4A7D-BB2B-82DDF9F34197" : [
      {
        "date" : 758505694.083589,
        "title" : "Untitled",
        "transform" : [
          0.98652524,
          1.2148383e-08,
          -0.16360947,
          0,
          -0.101899825,
          0.78236234,
          -0.61443114,
          0,
          0.12800185,
          0.6228236,
          0.77182007,
          0,
          0.010601575,
          0.03873248,
          0.045089502,
          1
        ]
      },
      {
        "date" : 758505684.402644,
        "title" : "Untitled",
        "transform" : [
          0.91946876,
          1.7021927e-08,
          0.39316317,
          0,
          0.35420367,
          0.43401098,
          -0.8283563,
          0,
          -0.17063716,
          0.90090764,
          0.3990595,
          0,
          -0.14659739,
          1.0085236,
          0.4268609,
          1
        ]
      },
      {
        "date" : 758505679.63312,
        "title" : "Untitled",
        "transform" : [
          0.9817548,
          1.7021927e-08,
          -0.19015127,
          0,
          -0.17130874,
          0.43401098,
          -0.8844703,
          0,
          0.08252773,
          0.90090764,
          0.42609236,
          0,
          0.037641328,
          0.17646527,
          0.0697026,
          1
        ]
      },
      {
        "date" : 758505670.782348,
        "title" : "Untitled",
        "transform" : [
          0.9817548,
          1.7021927e-08,
          -0.19015127,
          0,
          -0.17130874,
          0.43401098,
          -0.8844703,
          0,
          0.08252773,
          0.90090764,
          0.42609236,
          0,
          0.027133737,
          0.12720492,
          0.050245095,
          1
        ]
      },
      {
        "date" : 758505659.232215,
        "title" : "Untitled",
        "transform" : [
          0.9817548,
          1.7021927e-08,
          -0.19015127,
          0,
          -0.17130874,
          0.43401098,
          -0.8844703,
          0,
          0.08252773,
          0.90090764,
          0.42609236,
          0,
          0.016293347,
          0.076384395,
          0.030171325,
          1
        ]
      },
      {
        "date" : 758505657.512155,
        "title" : "Untitled",
        "transform" : [
          0.9817548,
          1.7021927e-08,
          -0.19015127,
          0,
          -0.17130874,
          0.43401098,
          -0.8844703,
          0,
          0.08252773,
          0.90090764,
          0.42609236,
          0,
          0.021157257,
          0.07464614,
          0.03290454,
          1
        ]
      },
      {
        "date" : 758504431.263245,
        "title" : "Untitled",
        "transform" : [
          0.9817548,
          1.7021927e-08,
          -0.19015127,
          0,
          -0.17130874,
          0.43401098,
          -0.8844703,
          0,
          0.08252773,
          0.90090764,
          0.42609236,
          0,
          0.08615528,
          0.3039694,
          0.13399184,
          1
        ]
      },
      {
        "date" : 758504429.829646,
        "title" : "Untitled",
        "transform" : [
          0.9808688,
          9.966707e-09,
          -0.19467016,
          0,
          -0.17537983,
          0.43401098,
          -0.88367206,
          0,
          0.08448897,
          0.9009077,
          0.42570782,
          0,
          0.08692683,
          0.30396938,
          0.13343753,
          1
        ]
      },
      {
        "date" : 758504414.012321,
        "title" : "Untitled",
        "transform" : [
          0.9942245,
          1.3428975e-08,
          0.107320674,
          0,
          0.09623151,
          0.44269416,
          -0.8914939,
          0,
          -0.047510244,
          0.8966727,
          0.44013733,
          0,
          -0.0034472216,
          0.14135736,
          0.059093557,
          1
        ]
      },
      {
        "date" : 758504398.297038,
        "title" : "Untitled",
        "transform" : [
          0.9942243,
          -2.352291e-09,
          0.107320644,
          0,
          0.096231416,
          0.4426943,
          -0.8914939,
          0,
          -0.047510207,
          0.89667267,
          0.4401375,
          0,
          -0.0069359057,
          0.13090305,
          0.064254604,
          1
        ]
      }
    ],
    "635A8B65-C3A6-490D-8F4A-ECD473E932DE" : [
      {
        "date" : 758860158.426736,
        "title" : "Untitled",
        "transform" : [
          0.90491736,
          -4.442441e-09,
          -0.42558718,
          0,
          -0.4253279,
          0.034899514,
          -0.90436614,
          0,
          0.014852777,
          0.99939084,
          0.031581186,
          0,
          0.05792725,
          3.8977337,
          0.12316968,
          1
        ]
      }
    ],
    "712A1FB7-07DC-4487-8403-262CCFBA7B77" : [
      {
        "date" : 758769018.190406,
        "title" : "Untitled",
        "transform" : [
          1,
          0,
          0,
          0,
          0,
          0.7071069,
          -0.70710677,
          0,
          0,
          0.70710677,
          0.7071069,
          0,
          0,
          0.74918425,
          0.74918437,
          1
        ]
      }
    ],
    "73D36C43-612F-47A6-BA5D-1FA6287758BB" : [
      {
        "date" : 758508261.819097,
        "title" : "Untitled",
        "transform" : [
          0.8763428,
          -1.4273827e-09,
          -0.4816881,
          0,
          -0.39178795,
          0.58175457,
          -0.712786,
          0,
          0.28022432,
          0.8133644,
          0.5098165,
          0,
          0.01628481,
          0.03785966,
          0.026060663,
          1
        ]
      },
      {
        "date" : 758508252.235961,
        "title" : "Untitled",
        "transform" : [
          0.85458404,
          -1.9634427e-10,
          0.5193131,
          0,
          0.45087478,
          0.4961904,
          -0.74196166,
          0,
          -0.25767824,
          0.8682137,
          0.4240365,
          0,
          -0.015164952,
          0.017923776,
          0.006189745,
          1
        ]
      },
      {
        "date" : 758508238.697546,
        "title" : "Untitled",
        "transform" : [
          0.99992335,
          -8.834947e-10,
          -0.012385389,
          0,
          -0.010090853,
          0.5798282,
          -0.81467634,
          0,
          0.007181349,
          0.81473875,
          0.5797838,
          0,
          -0.008604787,
          0.06965985,
          0.048117,
          1
        ]
      },
      {
        "date" : 758508214.427852,
        "title" : "Untitled",
        "transform" : [
          0.99996614,
          -1.4098526e-09,
          -0.008230587,
          0,
          -0.0064266957,
          0.6247427,
          -0.7808043,
          0,
          0.005141948,
          0.7808306,
          0.6247216,
          0,
          0.00018585124,
          0.02822276,
          0.022580259,
          1
        ]
      },
      {
        "date" : 758508199.663782,
        "title" : "Untitled",
        "transform" : [
          0.9999605,
          1.9342195e-09,
          -0.008892187,
          0,
          -0.0072506825,
          0.5788938,
          -0.8153708,
          0,
          0.005147604,
          0.815403,
          0.5788709,
          0,
          0.00020046771,
          0.031755403,
          0.02254378,
          1
        ]
      },
      {
        "date" : 758508175.692625,
        "title" : "Untitled",
        "transform" : [
          0.903209,
          1.933989e-09,
          0.4292012,
          0,
          0.34782776,
          0.5858671,
          -0.73196703,
          0,
          -0.25145486,
          0.8104071,
          0.5291604,
          0,
          -0.011808875,
          0.038058516,
          0.02485053,
          1
        ]
      },
      {
        "date" : 758508028.431211,
        "title" : "Untitled",
        "transform" : [
          0.903209,
          1.933989e-09,
          0.4292012,
          0,
          0.34782776,
          0.5858671,
          -0.73196703,
          0,
          -0.2514549,
          0.8104072,
          0.52916044,
          0,
          -0.029119475,
          0.093848385,
          0.061278876,
          1
        ]
      },
      {
        "date" : 758508025.08155,
        "title" : "Untitled",
        "transform" : [
          1,
          0,
          0,
          0,
          0,
          0.7071069,
          -0.70710677,
          0,
          0,
          0.70710677,
          0.7071069,
          0,
          0,
          0.08188578,
          0.081885785,
          1
        ]
      }
    ],
    "7472776E-2ACF-4B1A-A287-045E60CC9826" : [
      {
        "date" : 759218471.160547,
        "title" : "Untitled",
        "transform" : [
          0.77087164,
          -6.1257333e-09,
          0.6369904,
          0,
          0.22004537,
          0.9384389,
          -0.26629397,
          0,
          -0.5977766,
          0.34544536,
          0.723416,
          0,
          -4.9097395,
          12.767748,
          14.922056,
          1
        ]
      }
    ],
    "74801EB2-B9E2-4B9D-AFD2-7DC30D6B8626" : [
      {
        "date" : 758772844.633097,
        "title" : "Untitled",
        "transform" : [
          0.9237142,
          1.0187341e-08,
          -0.3830822,
          0,
          -0.036265917,
          0.99550885,
          -0.08744669,
          0,
          0.38136172,
          0.094669014,
          0.9195656,
          0,
          7.147731,
          3.6769109,
          16.112461,
          1
        ]
      },
      {
        "date" : 758772821.445264,
        "title" : "Untitled",
        "transform" : [
          0.9237142,
          1.0187341e-08,
          -0.3830822,
          0,
          -0.036265917,
          0.99550885,
          -0.08744669,
          0,
          0.38136172,
          0.094669014,
          0.9195656,
          0,
          1.9760315,
          2.3930814,
          3.6421099,
          1
        ]
      },
      {
        "date" : 758772661.652665,
