{
  "advancedEditorSelectedIdentifier" : "ShaderGraphEditorPluginID",
  "openSceneRelativePaths" : [
    "Immersive.usda",
    "Grasses\/Billboard Grass\/Material.usda",
    "Ground\/Heightmap.usda"
  ],
  "recentIdentifiers" : {
    "00A0751F-9604-4664-B13A-926521D2E136" : [

    ],
    "04D2520F-F0EA-452D-8C2B-18941AC252E4" : [

    ],
    "09F43387-7A3D-41FE-B7FE-C6B17EBFDF66" : [

    ],
    "118D6448-F4ED-40D3-964F-FFD03669E5F6" : [

    ],
    "1510E1C6-EB16-4444-9EB5-B6DC3BF1FEF9" : [

    ],
    "16EA7BD5-6EA9-4CB6-A24E-333D8B8FB767" : [

    ],
    "20C21902-0179-4281-AE51-64D0A5A9CC4C" : [

    ],
    "29C377CB-E617-4EBE-B1ED-FBF2F099D951" : [

    ],
    "2AF3A919-C66B-4C7C-A870-F6D30FF215B9" : [

    ],
    "2B907174-18C3-491B-93BA-52AD88C6B96F" : [

    ],
    "2C5EF33B-E8ED-4080-9E92-FFBE3CC3E83B" : [

    ],
    "3A8D3956-CCCB-46DA-AEF8-D3E0DEE0A4E1" : [

    ],
    "3E72A182-AB06-4498-B149-60D3C22AF46D" : [

    ],
    "446F2E5B-31AF-49E6-9998-FABAE93114D1" : [

    ],
    "44D2335E-13CC-49E3-9E19-979D011AA283" : [

    ],
    "4623FFAD-0964-4DB9-A580-F1BABC27B7BF" : [

    ],
    "507C9850-515E-426F-946F-F96DDC698E60" : [

    ],
    "575CF24E-0096-4CA8-BAFD-5968FA69DA8E" : [

    ],
    "5FBBAB14-99C6-4A7D-BB2B-82DDF9F34197" : [

    ],
    "6061B781-D844-4188-9BF6-C2252FB48D3E" : [

    ],
    "7091CCEC-6E35-40D4-A3D6-FFB0257550BF" : [

    ],
    "712A1FB7-07DC-4487-8403-262CCFBA7B77" : [

    ],
    "74801EB2-B9E2-4B9D-AFD2-7DC30D6B8626" : [

    ],
    "78E4848F-DB49-472B-BB86-996A959A464D" : [

    ],
    "81A251E2-535D-4FC2-A6E9-86CEFEE9EFDB" : [

    ],
    "827614F5-30D1-4B87-A462-608124097FB8" : [

    ],
    "843DE857-CE6C-4CD9-A795-580A03DB0CFB" : [

    ],
    "84585AB8-3ED0-4956-A553-73043BA17A52" : [

    ],
    "8497F827-25CE-4E1D-9E44-5FC4BD4CDB63" : [

    ],
    "862FA14A-5E5B-4F1C-AD45-E3C460E54F70" : [

    ],
    "870EA3E4-EE47-4049-9D62-A6D7E90B3A00" : [

    ],
    "8845BEBD-0D10-42CF-B5A1-8D6CA4F8533B" : [

    ],
    "8A94C0A2-65C7-4905-9D43-D69DB00B8CA3" : [

    ],
    "8AC9EDC3-EF5C-4FEA-8E24-A6AFE6CD98ED" : [

    ],
    "8ADE97B2-DC83-42F9-8F6C-872D6211ECDB" : [

    ],
    "8B001440-4A3D-4EBA-BD37-3998096A3F71" : [

    ],
    "8C6C4FA4-3752-44BC-BFA1-24E509048EB9" : [

    ],
    "91AC0ED2-2691-49CD-92C7-081AF0522880" : [

    ],
    "934D1AA2-187A-456A-B33A-409B43C3F2C2" : [

    ],
    "9362F25B-5B63-4970-AF9F-5AD6D8AE9798" : [

    ],
    "984E0C43-CD31-45CE-9CE4-5EA1A7C7C6DC" : [

    ],
    "9FACD3B0-7F68-41D3-AAA5-5F7A088EBE71" : [

    ],
    "A1DDBA9C-EEE2-4003-A38C-7F6AA66461CF" : [

    ],
    "A36EA911-7AD8-41FC-B0C0-409D09609D65" : [

    ],
    "A4E9CEF0-60DD-4DB3-8378-69ABF8F2477A" : [

    ],
    "A7241193-02B6-4243-82A0-565544EAC993" : [

    ],
    "A83C365D-F038-4D02-8158-DE85070B2F0F" : [

    ],
    "A9FCB870-C293-45C5-9F22-030B106C1CB3" : [

    ],
    "AA901FD9-F2EF-4329-AB31-D0F195D9999C" : [

    ],
    "AE0C1ED5-4713-4F23-AF89-55C916621D23" : [

    ],
    "AEECF129-78CA-4AF6-BF38-8430E45AF2EB" : [

    ],
    "B5EF102F-CBB7-431F-9F89-69F0CDA07530" : [

    ],
    "B72B7AC5-91ED-4622-AD63-879B70021188" : [

    ],
    "BCA84FE6-FDCD-4E02-A1AD-3041B0B11F08" : [

    ],
    "BD0DB696-57D1-4296-83E1-95C5493984E8" : [

    ],
    "BEE0A8EE-F348-4A36-891C-A62E01C76F14" : [

    ],
    "C6A7F375-BFE9-46E0-9EA6-1A6B150F43FD" : [

    ],
    "C7996E6C-F0CD-4080-AB91-CC34E7577CE5" : [

    ],
    "CF5CA3BB-CE1B-40A9-B822-FE6979A1A32C" : [

    ],
    "D13FD6CC-0F39-4C97-BB84-A1CF383B4627" : [

    ],
    "D147F741-F8BB-4469-8412-5B6C0398C86C" : [

    ],
    "D8D21AF2-F890-465D-9BB0-32FE4BA6984C" : [

    ],
    "DC53AA4E-6254-448D-B5CA-45DF9E2E5619" : [

    ],
    "DFA3A091-E58A-44CB-9FAF-7B96AAC3B307" : [

    ],
    "E175458D-5F06-4CF8-8023-18EDCF04BAB4" : [

    ],
    "E40B2B15-778A-4F48-B6DA-7F08D4A812BB" : [

    ],
    "E4730617-4782-4659-B93A-13A013636F82" : [

    ],
    "ED577AC1-E01B-408C-8829-F09D12C81FF3" : [

    ],
    "EDBDF309-5D3A-4A48-A9AB-2CE05CBC1CF1" : [

    ],
    "EE72AD11-A55D-4CC8-9894-DB14DA569E0C" : [

    ],
    "FA2239FA-3AF5-4C43-AEE7-0F6856A5991E" : [

    ],
    "FE04C384-9C98-4052-A50B-968F29D01068" : [

    ],
    "FF130160-92F2-4A1B-BD82-DE5E85B53DC7" : [

    ]
  },
  "sceneCameraHistory" : {
    "0045DA3C-CC36-4516-9936-B326A2BE0918" : [
      {
        "date" : 759383956.592815,
        "title" : "Untitled",
        "transform" : [
          0.9446292,
          -6.273809e-09,
          0.32813984,
          0,
          0.039214715,
          0.99283344,
          -0.1128889,
          0,
          -0.32578823,
          0.11950614,
          0.9378594,
          0,
          -0.013531155,
          0.0049635195,
          0.03895267,
          1
        ]
      },
      {
        "date" : 759383515.382069,
        "title" : "Untitled",
        "transform" : [
          0.98005134,
          -6.670362e-09,
          0.198744,
          0,
          0.11450556,
          0.81734693,
          -0.56465256,
          0,
          -0.16244282,
          0.5761459,
          0.80104196,
          0,
          -0.01332483,
          0.04726,
          0.065707736,
          1
        ]
      },
      {
        "date" : 759383511.43508,
        "title" : "Untitled",
        "transform" : [
          0.6914384,
          -1.1717452e-08,
          -0.7224354,
          0,
          -0.050233584,
          0.9975797,
          -0.048078265,
          0,
          0.72068673,
          0.06953371,
          0.6897648,
          0,
          0.059116382,
          0.005703703,
          0.056579914,
          1
        ]
      },
      {
        "date" : 759383493.21897,
        "title" : "Untitled",
        "transform" : [
          0.9161592,
          -2.2692035e-09,
          -0.40081453,
          0,
          -0.22115958,
          0.83399284,
          -0.5055141,
          0,
          0.33427644,
          0.5517754,
          0.7640703,
          0,
          0.107317165,
          0.17714374,
          0.24529952,
          1
        ]
      }
    ],
    "00A0751F-9604-4664-B13A-926521D2E136" : [
      {
        "date" : 758777302.360625,
        "title" : "Untitled",
        "transform" : [
          0.628638,
          4.126922e-10,
          -0.777698,
          0,
          -0.5320789,
          0.72932106,
          -0.4300964,
          0,
          0.5671914,
          0.6841718,
          0.45847893,
          0,
          1.3759598,
          1.791248,
          1.2658088,
          1
        ]
      }
    ],
    "022D3D06-238A-432C-AF72-7B7C2A8FEFA6" : [
      {
        "date" : 758504224.997998,
        "title" : "Untitled",
        "transform" : [
          0.9986645,
          8.973544e-10,
          -0.051663347,
          0,
          -0.046648428,
          0.42978597,
          -0.9017251,
          0,
          0.022204177,
          0.9029309,
          0.429212,
          0,
          0.0014077699,
          0.057246845,
          0.027212523,
          1
        ]
      },
      {
        "date" : 758504210.791224,
        "title" : "Untitled",
        "transform" : [
          1,
          0,
          0,
          0,
          0,
          0.7071069,
          -0.70710677,
          0,
          0,
          0.70710677,
          0.7071069,
          0,
          0,
          1.2330446,
          1.2330447,
          1
        ]
      }
    ],
    "04D2520F-F0EA-452D-8C2B-18941AC252E4" : [
      {
        "date" : 760578496.482066,
        "title" : "Untitled",
        "transform" : [
          0.9999173,
          1.8052775e-08,
          -0.01285817,
          0,
          -0.008166661,
          0.7724028,
          -0.6350804,
          0,
          0.009931683,
          0.6351329,
          0.77233905,
          0,
          10.309176,
          8.769281,
          10.184549,
          1
        ]
      },
      {
        "date" : 760578489.040632,
        "title" : "Untitled",
        "transform" : [
          0.90391546,
          1.8050635e-08,
          -0.42771125,
          0,
          -0.27054647,
          0.7745239,
          -0.57176685,
          0,
          0.3312726,
          0.63254464,
          0.7001042,
          0,
          36.20658,
          11.672155,
          8.89515,
          1
        ]
      },
      {
        "date" : 760578486.150761,
        "title" : "Untitled",
        "transform" : [
          0.9039154,
          -1.391885e-09,
          -0.42771125,
          0,
          -0.2705465,
          0.7745239,
          -0.5717669,
          0,
          0.33127254,
          0.63254464,
          0.7001041,
          0,
          3.782016,
          7.2214613,
          7.9928217,
          1
        ]
      },
      {
        "date" : 760578471.676931,
        "title" : "Untitled",
        "transform" : [
          0.9039154,
          -1.391885e-09,
          -0.42771125,
          0,
          -0.2705465,
          0.7745239,
          -0.5717669,
          0,
          0.33127254,
          0.63254464,
          0.7001041,
          0,
          0.65788305,
          1.2561873,
          1.3903553,
          1
        ]
      }
    ],
    "082ECC00-48F8-40D2-B61B-B39A910D1D02" : [
      {
        "date" : 760537500.862445,
        "title" : "Untitled",
        "transform" : [
          0.98431104,
          5.2078017e-09,
          -0.1764421,
          0,
          -0.019455869,
          0.99390197,
          -0.10853786,
          0,
          0.17536615,
          0.11026782,
          0.9783087,
          0,
          0.18824384,
          0.23043945,
          0.7746377,
          1
        ]
      },
      {
        "date" : 760536929.415721,
        "title" : "Untitled",
        "transform" : [
          0.9820671,
          3.158563e-09,
          -0.18853126,
          0,
          -0.069451384,
          0.9296748,
          -0.36177528,
          0,
          0.17527273,
          0.36838132,
          0.9130031,
          0,
          0.07072651,
          0.31125185,
          0.22023556,
          1
        ]
      },
      {
        "date" : 760536915.460416,
        "title" : "Untitled",
        "transform" : [
          0.9997793,
          -6.2554784e-10,
          0.02100507,
          0,
          0.0029431477,
          0.9901352,
          -0.14008456,
          0,
          -0.020797882,
          0.14011542,
          0.9899168,
          0,
          0.09033414,
          0.41808805,
          0.99195874,
          1
        ]
      },
      {
        "date" : 760426024.865583,
        "title" : "Untitled",
        "transform" : [
          0.98756546,
          -9.574448e-10,
          -0.15720804,
          0,
          0.0076585296,
          0.9988128,
          0.048110053,
          0,
          0.15702139,
          -0.048715863,
          0.98639303,
          0,
          0.27496803,
          0.22434552,
          1.0202949,
          1
        ]
      },
      {
        "date" : 760426021.858635,
        "title" : "Untitled",
        "transform" : [
          0.71746266,
          -9.422828e-10,
          -0.696597,
          0,
          0.054880347,
          0.9968918,
          0.056524206,
          0,
          0.6944318,
          -0.07878354,
          0.7152327,
          0,
          0.8161306,
          0.19258669,
          0.6810149,
          1
        ]
      },
      {
        "date" : 760426007.383952,
        "title" : "Untitled",
        "transform" : [
          0.97928363,
          5.925816e-10,
          0.20249356,
          0,
          0.012884605,
          0.99797356,
          -0.062311504,
          0,
          -0.20208324,
          0.06362965,
          0.9772992,
          0,
          -0.09750097,
          0.34080312,
          1.0204346,
          1
        ]
      },
      {
        "date" : 760426004.433754,
        "title" : "Untitled",
        "transform" : [
          0.99989516,
          1.6231723e-10,
          0.014481152,
          0,
          0.0014894322,
          0.99469656,
          -0.102842174,
          0,
          -0.014404364,
          0.102852926,
          0.9945923,
          0,
          0.0024686009,
          0.3613787,
          1.0156612,
          1
        ]
      },
      {
        "date" : 760425997.682883,
        "title" : "Untitled",
        "transform" : [
          0.9979069,
          1.5991365e-10,
          -0.06466656,
          0,
          -0.0076878774,
          0.99290806,
          -0.11863611,
          0,
          0.064207934,
          0.118884906,
          0.9908298,
          0,
          0.27867717,
          0.41770795,
          1.0024416,
          1
        ]
      },
      {
        "date" : 760425988.656424,
        "title" : "Untitled",
        "transform" : [
          0.9999016,
          -5.7902128e-11,
          -0.014027519,
          0,
          -0.0014045541,
          0.99497455,
          -0.10011863,
          0,
          0.013957024,
          0.100128464,
          0.99487656,
          0,
          0.09597727,
          0.30775625,
          0.5789849,
          1
        ]
      },
      {
        "date" : 760425955.783731,
        "title" : "Untitled",
        "transform" : [
          0.998016,
          -2.940895e-09,
          -0.06296267,
          0,
          -0.019814663,
          0.9491895,
          -0.3140807,
          0,
          0.059763514,
          0.31470513,
          0.9473062,
          0,
          0.22835034,
          0.7202784,
          2.0207226,
          1
        ]
      }
    ],
    "09F43387-7A3D-41FE-B7FE-C6B17EBFDF66" : [
      {
        "date" : 758189608.052107,
        "title" : "Untitled",
        "transform" : [
          0.9307846,
          -7.695134e-09,
          -0.36556813,
          0,
          -0.1479063,
          0.9144969,
          -0.37658894,
          0,
          0.33431095,
          0.40459302,
          0.8511997,
          0,
          0.010002088,
          0.012104824,
          0.025466632,
          1
        ]
      },
      {
        "date" : 758189606.125206,
        "title" : "Untitled",
        "transform" : [
          1,
          0,
          0,
          0,
          0,
          0.7071069,
          -0.70710677,
          0,
          0,
          0.70710677,
          0.7071069,
          0,
          0,
          0.021155586,
          0.02115559,
          1
        ]
      },
      {
        "date" : 758189603.233586,
        "title" : "Untitled",
        "transform" : [
          1,
          0,
          0,
          0,
          0,
          0.7071069,
          -0.70710677,
          0,
          0,
          0.70710677,
          0.7071069,
          0,
          0,
          0.03267924,
          0.032679245,
          1
        ]
      }
    ],
    "118D6448-F4ED-40D3-964F-FFD03669E5F6" : [
      {
        "date" : 760159897.454947,
        "title" : "Untitled",
        "transform" : [
          0.23643501,
          -2.8342337e-09,
          0.97164726,
          0,
          0.66406006,
          0.7300092,
          -0.1615885,
          0,
          -0.7093114,
          0.6834373,
          0.17259966,
          0,
          -0.11890313,
          0.1188243,
          0.026813483,
          1
        ]
      },
      {
        "date" : 760159440.447924,
        "title" : "Untitled",
        "transform" : [
          0.23643501,
          -2.8342337e-09,
          0.97164726,
          0,
          0.66406006,
          0.7300092,
          -0.1615885,
          0,
          -0.7093114,
          0.6834373,
          0.17259966,
          0,
          -0.11646642,
          0.12021535,
          0.031319357,
          1
        ]
      }
    ],
    "1510E1C6-EB16-4444-9EB5-B6DC3BF1FEF9" : [
      {
        "date" : 760594589.318253,
        "title" : "Untitled",
        "transform" : [
          0.6586944,
          1.1295269e-08,
          -0.75241065,
          0,
          -0.053703528,
          0.99744964,
          -0.0470145,
          0,
          0.7504918,
          0.07137518,
          0.6570142,
          0,
          404.03314,
          38.416897,
          353.7106,
          1
        ]
      },
      {
        "date" : 760594464.828928,
        "title" : "Untitled",
        "transform" : [
          0.65730536,
          1.6226345e-08,
          -0.7536243,
          0,
          -0.23541659,
          0.9499575,
          -0.20532855,
          0,
          0.71591127,
          0.31237915,
          0.62441206,
          0,
          385.41788,
          168.1638,
          336.16028,
          1
        ]
      },
      {
        "date" : 760415343.963448,
        "title" : "Untitled",
        "transform" : [
          0.99807584,
          1.6226343e-08,
          -0.062002532,
          0,
          -0.019368287,
          0.9499575,
          -0.31177822,
          0,
          0.058899928,
          0.31237915,
          0.94812983,
          0,
          14.935501,
          79.21058,
          240.432,
          1
        ]
      },
      {
        "date" : 760415284.151266,
        "title" : "Untitled",
        "transform" : [
          0.99995553,
          1.5308713e-08,
          -0.009438598,
          0,
          -0.0034028508,
          0.93274915,
          -0.3605099,
          0,
          0.008804011,
          0.36052588,
          0.9327078,
          0,
          0.025336567,
          1.0375375,
          2.6841888,
          1
        ]
      }
    ],
    "16EA7BD5-6EA9-4CB6-A24E-333D8B8FB767" : [
      {
        "date" : 760599673.294281,
        "title" : "Untitled",
        "transform" : [
          -0.29389358,
          7.907523e-09,
          0.9558382,
          0,
          0.26324627,
          0.96132725,
          0.08094103,
          0,
          -0.9188733,
          0.27540883,
          -0.28252771,
          0,
          -0.036053047,
          0.008567484,
          -0.0122534335,
          1
        ]
      },
      {
        "date" : 760166219.273045,
        "title" : "Untitled",
        "transform" : [
          0.23751193,
          6.414254e-09,
          0.9713847,
          0,
          0.3748427,
          0.9225469,
          -0.09165211,
          0,
          -0.89614785,
          0.38588488,
          0.21911606,
          0,
          -0.028529942,
          0.010265482,
          0.0060651945,
          1
        ]
      },
      {
        "date" : 760166211.119191,
        "title" : "Untitled",
        "transform" : [
          0.3073464,
          7.659527e-09,
          0.95159775,
          0,
          0.23623355,
          0.9686962,
          -0.07629838,
          0,
          -0.921809,
          0.2482493,
          0.2977254,
          0,
          -0.029136863,
          0.0059362827,
          0.008481046,
          1
        ]
      },
      {
        "date" : 760166202.471942,
        "title" : "Untitled",
        "transform" : [
          0.6871861,
          7.746267e-09,
          0.72648144,
          0,
          0.17604472,
          0.9701951,
          -0.16652225,
          0,
          -0.7048286,
          0.24232496,
          0.6667047,
          0,
          -0.021907248,
          0.0033467463,
          0.020711118,
          1
        ]
      },
      {
        "date" : 760166187.642579,
        "title" : "Untitled",
        "transform" : [
          0.7891363,
          7.775661e-09,
          0.61421824,
          0,
          0.15027796,
          0.9696076,
          -0.19307412,
          0,
          -0.59555054,
          0.24466522,
          0.7651526,
          0,
          -0.018518595,
          0.003419479,
          0.023779139,
          1
        ]
      },
      {
        "date" : 759219506.723606,
        "title" : "Untitled",
        "transform" : [
          0.9998274,
          4.67444e-09,
          -0.01857534,
          0,
          -0.008486931,
          0.8895183,
          -0.45682067,
          0,
          0.01652322,
          0.45689943,
          0.88936484,
          0,
          0.00052301656,
          0.010124296,
          0.028588526,
          1
        ]
      },
      {
        "date" : 759219503.692345,
        "title" : "Untitled",
        "transform" : [
          0.64542085,
          4.67444e-09,
          0.7638271,
          0,
          0.34899232,
          0.8895183,
          -0.29489237,
          0,
          -0.67943823,
          0.4568995,
          0.57411385,
          0,
          -0.021845583,
          0.010124296,
          0.01844852,
          1
        ]
      },
      {
        "date" : 758855244.615854,
        "title" : "Untitled",
        "transform" : [
          0.4619743,
          4.9529802e-09,
          0.8868933,
          0,
          0.42868212,
          0.8754259,
          -0.22329628,
          0,
          -0.7764093,
          0.48335245,
          0.4044244,
          0,
          -0.025082475,
          0.0109766675,
          0.013056072,
          1
        ]
      },
      {
        "date" : 758855226.44059,
        "title" : "Untitled",
        "transform" : [
          0.9884234,
          5.5209664e-09,
          0.15172063,
          0,
          0.08910466,
          0.809374,
          -0.5804946,
          0,
          -0.12279866,
          0.5872935,
          0.80000436,
          0,
          -0.0032665906,
          0.010569916,
          0.021227537,
          1
        ]
      },
      {
        "date" : 758770663.138056,
        "title" : "Untitled",
        "transform" : [
          0.9671153,
          8.776288e-09,
          0.25433844,
          0,
          0.08519234,
          0.9422337,
          -0.32394117,
          0,
          -0.23964618,
          0.33495608,
          0.91124874,
          0,
          -0.006007077,
          0.004077837,
          0.02280983,
          1
        ]
      }
    ],
    "20C21902-0179-4281-AE51-64D0A5A9CC4C" : [
      {
        "date" : 758173240.116926,
        "title" : "Untitled",
        "transform" : [
          -0.9995787,
          -1.2681165e-08,
          0.029021602,
          0,
          0.0063011674,
          0.97614515,
          0.21702729,
          0,
          -0.028329404,
          0.21711868,
          -0.97573406,
          0,
          -0.5378863,
          1.0507354,
          -2.675933,
          1
        ]
      },
      {
        "date" : 758173223.128301,
        "title" : "Untitled",
        "transform" : [
          -0.97678494,
          -1.3042954e-08,
          0.21422204,
          0,
          0.122469865,
          0.8204657,
          0.5584238,
          0,
          -0.17576195,
          0.5716956,
          -0.8014186,
          0,
          -0.89693636,
          1.9940923,
          -1.9424429,
          1
        ]
      },
      {
        "date" : 758173213.169633,
        "title" : "Untitled",
        "transform" : [
          -0.9999752,
          -1.9965482e-08,
          0.0070444243,
          0,
          0.0019079853,
          0.9626227,
          0.27083912,
          0,
          -0.006781233,
          0.2708457,
          -0.962599,
          0,
          -0.47850186,
          1.1981218,
          -2.6247904,
          1
        ]
      },
      {
        "date" : 758173209.049411,
        "title" : "Untitled",
        "transform" : [
          -0.94119334,
          -1.9952404e-08,
          0.33786854,
          0,
          0.10529645,
          0.9501972,
          0.29332203,
          0,
          -0.32104185,
          0.31164896,
          -0.89431924,
          0,
          -1.3028295,
          1.3091033,
          -2.2677891,
          1
        ]
      },
      {
        "date" : 758173198.148085,
        "title" : "Untitled",
        "transform" : [
          -0.981692,
          -3.1678383e-08,
          0.19047555,
          0,
          0.029898798,
          0.98760355,
          0.15409529,
          0,
          -0.18811436,
          0.15696898,
          -0.9695224,
          0,
          -0.7326696,
          0.6641446,
          -1.961939,
          1
        ]
      },
      {
        "date" : 758173194.390675,
        "title" : "Untitled",
        "transform" : [
          -0.981692,
          -3.1678383e-08,
          0.19047555,
          0,
          0.029898798,
          0.98760355,
          0.15409529,
          0,
          -0.18811436,
          0.15696898,
          -0.9695224,
          0,
          -0.73144066,
          0.66303056,
          -1.9586482,
          1
        ]
      },
      {
        "date" : 758173174.540222,
        "title" : "Untitled",
        "transform" : [
          -0.99530905,
          -3.1551714e-08,
          -0.096746914,
          0,
          -0.024156772,
          0.9683257,
          0.24851936,
          0,
          0.09368247,
          0.24969056,
          -0.96378326,
          0,
          -0.1877737,
          1.0646765,
          -2.5077517,
          1
        ]
      },
      {
        "date" : 758173170.180895,
        "title" : "Untitled",
        "transform" : [
          -0.94820184,
          -2.5630811e-08,
          0.31766847,
          0,
          0.07598247,
          0.9709733,
          0.22679837,
          0,
          -0.30844766,
          0.23918779,
          -0.9206787,
          0,
          -0.92934096,
          0.805045,
          -1.7251145,
          1
        ]
      },
      {
        "date" : 758173161.680659,
        "title" : "Untitled",
        "transform" : [
          -0.98535377,
          -2.5630811e-08,
          0.17052245,
          0,
          0.040786926,
          0.9709733,
          0.23568466,
          0,
          -0.16557279,
          0.23918779,
          -0.95675224,
          0,
          -0.65758365,
          0.805045,
          -1.8458813,
          1
        ]
      },
      {
        "date" : 758173155.490076,
        "title" : "Untitled",
        "transform" : [
          -0.9843319,
          -2.5652307e-08,
          0.17632593,
          0,
          0.049168278,
          0.960335,
          0.27447966,
          0,
          -0.16933198,
          0.27884868,
          -0.9452884,
          0,
          -0.8668482,
          1.1564884,
          -2.3660572,
          1
        ]
      }
    ],
    "28D59800-7772-4B20-B913-C4B64574D21F" : [
      {
        "date" : 759393817.210252,
        "title" : "Untitled",
        "transform" : [
          0.71387655,
          3.1491442e-08,
          -0.70027167,
          0,
          -0.115348116,
          0.9863405,
          -0.117589,
          0,
          0.6907064,
          0.16471909,
          0.7041253,
          0,
          0.015832683,
          0.0037757712,
          0.016140286,
          1
        ]
      },
      {
        "date" : 759393816.090776,
        "title" : "Untitled",
        "transform" : [
          0.71487653,
          3.064424e-08,
          -0.69925076,
          0,
          -0.11517993,
          0.9863405,
          -0.11775372,
          0,
          0.6896993,
          0.1647191,
          0.7051117,
          0,
          0.015809603,
          0.0037757715,
          0.016162898,
          1
        ]
      },
      {
        "date" : 759393814.117459,
        "title" : "Untitled",
        "transform" : [
          0.3615309,
          3.113757e-08,
          -0.93236005,
          0,
          -0.13144942,
          0.99001163,
          -0.050970614,
          0,
          0.92304736,
          0.14098571,
          0.35791984,
          0,
          0.021158515,
          0.0032317438,
          0.008204408,
          1
        ]
      },
      {
        "date" : 759393809.616189,
        "title" : "Untitled",
        "transform" : [
          0.3897887,
          2.9360452e-08,
          -0.92090434,
          0,
          -0.3423615,
          0.9283263,
          -0.14491035,
          0,
          0.85489976,
          0.3717666,
          0.36185113,
          0,
          0.012396634,
          0.0053908746,
          0.005247092,
          1
        ]
      },
      {
        "date" : 759383928.327518,
        "title" : "Untitled",
        "transform" : [
          -0.021291317,
          2.6036684e-08,
          -0.99977326,
          0,
          -0.5765495,
          0.8169699,
          0.0122783715,
          0,
          0.81678474,
          0.57668024,
          -0.01739437,
          0,
          0.018595964,
          0.013129443,
          -0.00039601943,
          1
        ]
      },
      {
        "date" : 759383924.036382,
        "title" : "Untitled",
        "transform" : [
          0.95208687,
          2.6143892e-08,
          -0.3058276,
          0,
          -0.095811926,
          0.9496584,
          -0.2982765,
          0,
          0.29043177,
          0.3132871,
          0.9041574,
          0,
          0.006612338,
          0.007132697,
          0.020585204,
          1
        ]
      },
      {
        "date" : 759383910.93023,
        "title" : "Untitled",
        "transform" : [
          0.95208687,
          2.6143892e-08,
          -0.3058276,
          0,
          -0.095811926,
          0.9496584,
          -0.2982765,
          0,
          0.29043177,
          0.3132871,
          0.9041574,
          0,
          0.008293355,
          0.0089460015,
          0.025818462,
          1
        ]
      },
      {
        "date" : 759383907.595701,
        "title" : "Untitled",
        "transform" : [
          0.8360366,
          3.171455e-08,
          -0.5486735,
          0,
          -0.08903951,
          0.9867445,
          -0.13567305,
          0,
          0.5414006,
          0.16228126,
          0.8249546,
          0,
          0.015459838,
          0.0046339883,
          0.023556806,
          1
        ]
      },
      {
        "date" : 759383571.558547,
        "title" : "Untitled",
        "transform" : [
          0.972764,
          2.0892406e-08,
          -0.23179747,
          0,
          -0.15462649,
          0.74499,
          -0.64890707,
          0,
          0.1726868,
          0.6670756,
          0.72469956,
          0,
          0.0049311146,
          0.019048527,
          0.020693993,
          1
        ]
      },
      {
        "date" : 759383564.711037,
        "title" : "Untitled",
        "transform" : [
          0.9937847,
          1.8774262e-08,
          0.11131922,
          0,
          0.036549866,
          0.94456154,
          -0.32629356,
          0,
          -0.10514785,
          0.32833424,
          0.9386909,
          0,
          -0.003684368,
          0.011504795,
          0.032891612,
          1
        ]
      }
    ],
    "292DC280-B700-4314-9B0A-9033BCBA08E7" : [
      {
        "date" : 758504260.847062,
        "title" : "Untitled",
        "transform" : [
          0.7213637,
          -4.8573945e-09,
          -0.69255644,
          0,
          -0.37300298,
          0.8425688,
          -0.38851833,
          0,
          0.58352643,
          0.53858864,
          0.60779864,
          0,
          0.020909706,
          0.019299438,
          0.021779457,
          1
        ]
      },
      {
        "date" : 758504257.314064,
        "title" : "Untitled",
        "transform" : [
          0.8771991,
          2.5240965e-10,
          -0.48012683,
          0,
          -0.41338623,
          0.5086155,
          -0.7552631,
          0,
          0.24419993,
          0.8609938,
          0.44615704,
          0,
          0.008750499,
          0.030852292,
          0.015987298,
          1
        ]
      },
      {
        "date" : 758504243.881213,
        "title" : "Untitled",
        "transform" : [
          1,
          0,
          0,
          0,
          0,
          0.7071069,
          -0.70710677,
          0,
          0,
          0.70710677,
          0.7071069,
          0,
          0,
          0.339955,
          0.33995503,
          1
        ]
      }
    ],
    "29C377CB-E617-4EBE-B1ED-FBF2F099D951" : [
      {
        "date" : 760159366.926611,
        "title" : "Untitled",
        "transform" : [
          0.52711314,
          -3.265119e-08,
          -0.8497951,
          0,
          -0.77931654,
          0.39873996,
          -0.48339647,
          0,
          0.3388473,
          0.917064,
          0.21018103,
          0,
          0.027472677,
          0.048800766,
          0.010863673,
          1
        ]
      },
      {
        "date" : 760159357.694492,
        "title" : "Untitled",
        "transform" : [
          0.5301031,
          -2.7800422e-08,
          -0.8479332,
          0,
          -0.8470182,
          0.04644484,
          -0.529531,
          0,
          0.039382145,
          0.99892086,
          0.024620498,
          0,
          0.0012501875,
          0.03171084,
          0.00078157877,
          1
        ]
      }
    ],
    "2AF3A919-C66B-4C7C-A870-F6D30FF215B9" : [
      {
        "date" : 758173412.862046,
        "title" : "Untitled",
        "transform" : [
          0.7083723,
          -4.7559574e-09,
          -0.70583904,
          0,
          -0.44455564,
          0.7767364,
          -0.44615117,
          0,
          0.54825085,
          0.6298258,
          0.5502186,
          0,
          0.018584736,
          0.033127587,
          0.0374266,
          1
        ]
      },
      {
        "date" : 758171007.253253,
        "title" : "Untitled",
        "transform" : [
          0.9684155,
          -4.7559574e-09,
          -0.24934202,
          0,
          -0.15704203,
          0.7767364,
          -0.6099331,
          0,
          0.19367303,
          0.6298258,
          0.7522036,
          0,
          -0.009688687,
          0.051721092,
          0.06669065,
          1
        ]
      },
      {
        "date" : 758170994.09128,
        "title" : "Untitled",
        "transform" : [
          1,
          0,
          0,
          0,
          0,
          0.7071069,
          -0.70710677,
          0,
          0,
          0.70710677,
          0.7071069,
          0,
          0,
          0.039587546,
          0.03958755,
          1
        ]
      }
    ],
    "2B907174-18C3-491B-93BA-52AD88C6B96F" : [
      {
        "date" : 760406966.275752,
        "title" : "Untitled",
        "transform" : [
          0.98617613,
          0.00028016572,
          -0.16570002,
          0,
          -0.11228743,
          0.73650926,
          -0.66704255,
          0,
          0.12185284,
          0.67642725,
          0.7263594,
          0,
          0.2745415,
          0.89265996,
          1.3546084,
          1
        ]
      },
      {
        "date" : 760406956.963951,
        "title" : "Untitled",
        "transform" : [
          0.83403236,
          0.000280166,
          0.55171543,
          0,
          0.3143086,
          0.82161623,
          -0.4755597,
          0,
          -0.4534316,
          0.57004094,
          0.6851665,
          0,
          -0.7755992,
          0.98782873,
          1.9801738,
          1
        ]
      },
      {
        "date" : 760406953.715313,
        "title" : "Untitled",
        "transform" : [
          0.9941476,
          0.00028017175,
          -0.1080308,
          0,
          -0.074902706,
          0.7223918,
          -0.6874153,
          0,
          0.07784794,
          0.69148386,
          0.718185,
          0,
          0.40464687,
          1.4342325,
          1.8612193,
          1
        ]
      },
      {
        "date" : 760406949.267386,
        "title" : "Untitled",
        "transform" : [
          0.98136747,
          0.0002801715,
          -0.19214047,
          0,
          -0.15364332,
          0.6016231,
          -0.7838644,
          0,
          0.11537653,
          0.7987799,
          0.59045655,
          0,
          0.51408684,
          1.7119764,
          1.6114972,
          1
        ]
      },
      {
        "date" : 760406944.554166,
        "title" : "Untitled",
        "transform" : [
          0.9590332,
          0.00028017114,
          -0.28329346,
          0,
          -0.20794232,
          0.67982674,
          -0.7032749,
          0,
          0.19239345,
          0.73337257,
          0.65203476,
          0,
          0.7513789,
          1.6954787,
          1.6344593,
          1
        ]
      },
      {
        "date" : 760406940.737908,
        "title" : "Untitled",
        "transform" : [
          0.98952585,
          0.00028016462,
          -0.1443555,
          0,
          -0.1115576,
          0.63613683,
          -0.763469,
          0,
          0.09161592,
          0.7715761,
          0.6295052,
          0,
          0.5587672,
          1.7772344,
          1.691286,
          1
        ]
      },
      {
        "date" : 760406937.132797,
        "title" : "Untitled",
        "transform" : [
          0.999965,
          0.00028016453,
          0.008360414,
          0,
          0.0062291664,
          0.6421346,
          -0.7665666,
          0,
          -0.005583327,
          0.76659185,
          0.6421106,
          0,
          0.29397964,
          1.7635,
          1.7705578,
          1
        ]
      },
      {
        "date" : 760406935.161267,
        "title" : "Untitled",
        "transform" : [
          0.98917645,
          0.00028016226,
          0.14673045,
          0,
          0.036691934,
          0.9677555,
          -0.2492045,
          0,
          -0.14206909,
          0.25189096,
          0.9572708,
          0,
          -0.008320332,
          0.6822196,
          2.6323605,
          1
        ]
      },
      {
        "date" : 760406931.068442,
        "title" : "Untitled",
        "transform" : [
          0.9117683,
          0.00028016162,
          -0.41070473,
          0,
          -0.28578785,
          0.71862227,
          -0.63396156,
          0,
          0.29496396,
          0.69540054,
          0.65529716,
          0,
          0.94099665,
          1.712858,
          1.4533929,
          1
        ]
      },
      {
        "date" : 760406925.330219,
        "title" : "Untitled",
        "transform" : [
          0.9986221,
          0.00028016866,
          -0.052476216,
          0,
          -0.02611369,
          0.8700347,
          -0.4922983,
          0,
          0.045518205,
          0.49299037,
          0.86884326,
          0,
          0.32836542,
          0.7369038,
          2.3512335,
          1
        ]
      }
    ],
    "32C38138-DE77-489B-B6A0-ABA5C96838C2" : [
      {
        "date" : 760536889.726294,
        "title" : "Untitled",
        "transform" : [
          0.9985075,
          5.999217e-09,
          0.05461548,
          0,
          0.024770297,
          0.8912363,
          -0.4528622,
          0,
          -0.048675347,
          0.45353925,
          0.88990605,
          0,
          -0.7802349,
          1.5499667,
          4.4805603,
          1
        ]
      },
      {
        "date" : 760408588.940287,
        "title" : "Untitled",
        "transform" : [
          0.9993472,
          1.0828026e-08,
          0.03612712,
          0,
          0.019481769,
          0.84214246,
          -0.53890324,
          0,
          -0.030424202,
          0.53925526,
          0.84159255,
          0,
          -0.5063558,
          2.1926494,
          4.5139866,
          1
        ]
      },
      {
        "date" : 760408564.336336,
        "title" : "Untitled",
        "transform" : [
          0.9993472,
          1.0828026e-08,
          0.03612712,
          0,
          0.019481769,
          0.84214246,
          -0.53890324,
          0,
          -0.030424202,
          0.53925526,
          0.84159255,
          0,
          -0.26741934,
