{
  "advancedEditorSelectedIdentifier" : "ProjectBrowser",
  "openSceneRelativePaths" : [
    "Immersive.usda",
    "Grasses\/Rytidosperma caespitosum\/3.75_0.8.usda"
  ],
  "recentIdentifiers" : {
    "20C21902-0179-4281-AE51-64D0A5A9CC4C" : [

    ],
    "2AF3A919-C66B-4C7C-A870-F6D30FF215B9" : [

    ],
    "44D2335E-13CC-49E3-9E19-979D011AA283" : [

    ],
    "843DE857-CE6C-4CD9-A795-580A03DB0CFB" : [

    ],
    "91AC0ED2-2691-49CD-92C7-081AF0522880" : [

    ],
    "934D1AA2-187A-456A-B33A-409B43C3F2C2" : [

    ],
    "C6A7F375-BFE9-46E0-9EA6-1A6B150F43FD" : [

    ]
  },
  "sceneCameraHistory" : {
    "20C21902-0179-4281-AE51-64D0A5A9CC4C" : [
      {
        "date" : 758173240.116926,
        "title" : "Untitled",
        "transform" : [
          -0.9995787,
          -1.2681165e-08,
          0.029021602,
          0,
          0.0063011674,
          0.97614515,
          0.21702729,
          0,
          -0.028329404,
          0.21711868,
          -0.97573406,
          0,
          -0.5378863,
          1.0507354,
          -2.675933,
          1
        ]
      },
      {
        "date" : 758173223.128301,
        "title" : "Untitled",
        "transform" : [
          -0.97678494,
          -1.3042954e-08,
          0.21422204,
          0,
          0.122469865,
          0.8204657,
          0.5584238,
          0,
          -0.17576195,
          0.5716956,
          -0.8014186,
          0,
          -0.89693636,
          1.9940923,
          -1.9424429,
          1
        ]
      },
      {
        "date" : 758173213.169633,
        "title" : "Untitled",
        "transform" : [
          -0.9999752,
          -1.9965482e-08,
          0.0070444243,
          0,
          0.0019079853,
          0.9626227,
          0.27083912,
          0,
          -0.006781233,
          0.2708457,
          -0.962599,
          0,
          -0.47850186,
          1.1981218,
          -2.6247904,
          1
        ]
      },
      {
        "date" : 758173209.049411,
        "title" : "Untitled",
        "transform" : [
          -0.94119334,
          -1.9952404e-08,
          0.33786854,
          0,
          0.10529645,
          0.9501972,
          0.29332203,
          0,
          -0.32104185,
          0.31164896,
          -0.89431924,
          0,
          -1.3028295,
          1.3091033,
          -2.2677891,
          1
        ]
      },
      {
        "date" : 758173198.148085,
        "title" : "Untitled",
        "transform" : [
          -0.981692,
          -3.1678383e-08,
          0.19047555,
          0,
          0.029898798,
          0.98760355,
          0.15409529,
          0,
          -0.18811436,
          0.15696898,
          -0.9695224,
          0,
          -0.7326696,
          0.6641446,
          -1.961939,
          1
        ]
      },
      {
        "date" : 758173194.390675,
        "title" : "Untitled",
        "transform" : [
          -0.981692,
          -3.1678383e-08,
          0.19047555,
          0,
          0.029898798,
          0.98760355,
          0.15409529,
          0,
          -0.18811436,
          0.15696898,
          -0.9695224,
          0,
          -0.73144066,
          0.66303056,
          -1.9586482,
          1
        ]
      },
      {
        "date" : 758173174.540222,
        "title" : "Untitled",
        "transform" : [
          -0.99530905,
          -3.1551714e-08,
          -0.096746914,
          0,
          -0.024156772,
          0.9683257,
          0.24851936,
          0,
          0.09368247,
          0.24969056,
          -0.96378326,
          0,
          -0.1877737,
          1.0646765,
          -2.5077517,
          1
        ]
      },
      {
        "date" : 758173170.180895,
        "title" : "Untitled",
        "transform" : [
          -0.94820184,
          -2.5630811e-08,
          0.31766847,
          0,
          0.07598247,
          0.9709733,
          0.22679837,
          0,
          -0.30844766,
          0.23918779,
          -0.9206787,
          0,
          -0.92934096,
          0.805045,
          -1.7251145,
          1
        ]
      },
      {
        "date" : 758173161.680659,
        "title" : "Untitled",
        "transform" : [
          -0.98535377,
          -2.5630811e-08,
          0.17052245,
          0,
          0.040786926,
          0.9709733,
          0.23568466,
          0,
          -0.16557279,
          0.23918779,
          -0.95675224,
          0,
          -0.65758365,
          0.805045,
          -1.8458813,
          1
        ]
      },
      {
        "date" : 758173155.490076,
        "title" : "Untitled",
        "transform" : [
          -0.9843319,
          -2.5652307e-08,
          0.17632593,
          0,
          0.049168278,
          0.960335,
          0.27447966,
          0,
          -0.16933198,
          0.27884868,
          -0.9452884,
          0,
          -0.8668482,
          1.1564884,
          -2.3660572,
          1
        ]
      }
    ],
    "2AF3A919-C66B-4C7C-A870-F6D30FF215B9" : [
      {
        "date" : 758173412.862046,
        "title" : "Untitled",
        "transform" : [
          0.7083723,
          -4.7559574e-09,
          -0.70583904,
          0,
          -0.44455564,
          0.7767364,
          -0.44615117,
          0,
          0.54825085,
          0.6298258,
          0.5502186,
          0,
          0.018584736,
          0.033127587,
          0.0374266,
          1
        ]
      },
      {
        "date" : 758171007.253253,
        "title" : "Untitled",
        "transform" : [
          0.9684155,
          -4.7559574e-09,
          -0.24934202,
          0,
          -0.15704203,
          0.7767364,
          -0.6099331,
          0,
          0.19367303,
          0.6298258,
          0.7522036,
          0,
          -0.009688687,
          0.051721092,
          0.06669065,
          1
        ]
      },
      {
        "date" : 758170994.09128,
        "title" : "Untitled",
        "transform" : [
          1,
          0,
          0,
          0,
          0,
          0.7071069,
          -0.70710677,
          0,
          0,
          0.70710677,
          0.7071069,
          0,
          0,
          0.039587546,
          0.03958755,
          1
        ]
      }
    ],
    "44D2335E-13CC-49E3-9E19-979D011AA283" : [
      {
        "date" : 758173386.542148,
        "title" : "Untitled",
        "transform" : [
          0.96751624,
          8.668421e-10,
          -0.25280896,
          0,
          -0.15349431,
          0.79458314,
          -0.5874327,
          0,
          0.20087773,
          0.6071554,
          0.76877207,
          0,
          0.015253295,
          0.04610308,
          0.058375515,
          1
        ]
      },
      {
        "date" : 758173383.764445,
        "title" : "Untitled",
        "transform" : [
          0.96751624,
          8.668421e-10,
          -0.25280896,
          0,
          -0.15349431,
          0.79458314,
          -0.5874327,
          0,
          0.20087773,
          0.6071554,
          0.76877207,
          0,
          0.21529275,
          0.65072465,
          0.8239392,
          1
        ]
      }
    ],
    "91AC0ED2-2691-49CD-92C7-081AF0522880" : [
      {
        "date" : 758174118.025446,
        "title" : "Untitled",
        "transform" : [
          1,
          0,
          0,
          0,
          0,
          0.7071069,
          -0.70710677,
          0,
          0,
          0.70710677,
          0.7071069,
          0,
          -0.22834182,
          3.6219409,
          3.0754566,
          1
        ]
      },
      {
        "date" : 758173461.670171,
        "title" : "Untitled",
        "transform" : [
          1,
          0,
          0,
          0,
          0,
          0.7071069,
          -0.70710677,
          0,
          0,
          0.70710677,
          0.7071069,
          0,
          -0.22834182,
          2.1020327,
          1.5555483,
          1
        ]
      }
    ],
    "934D1AA2-187A-456A-B33A-409B43C3F2C2" : [
      {
        "date" : 758173361.730702,
        "title" : "Untitled",
        "transform" : [
          0.9907706,
          -7.0414705e-09,
          0.13555034,
          0,
          0.041665453,
          0.9515868,
          -0.30454352,
          0,
          -0.12898794,
          0.30738083,
          0.9428039,
          0,
          -0.0029230937,
          0.009874824,
          0.014913568,
          1
        ]
      },
      {
        "date" : 758173353.892206,
        "title" : "Untitled",
        "transform" : [
          0.7505932,
          -7.827577e-09,
          -0.6607646,
          0,
          -0.41776446,
          0.7747694,
          -0.47455794,
          0,
          0.51194,
          0.6322441,
          0.5815365,
          0,
          0.0073287236,
          0.014793525,
          0.011492788,
          1
        ]
      },
      {
        "date" : 758173338.53377,
        "title" : "Untitled",
        "transform" : [
          0.9934082,
          -8.062616e-09,
          -0.11462995,
          0,
          -0.079028085,
          0.72436345,
          -0.6848738,
          0,
          0.08303372,
          0.68941844,
          0.7195884,
          0,
          -0.00066903763,
          0.015776427,
          0.012461921,
          1
        ]
      },
      {
        "date" : 758173278.393292,
        "title" : "Untitled",
        "transform" : [
          0.9780718,
          -8.0625995e-09,
          0.20826788,
          0,
          0.14298697,
          0.7270792,
          -0.67149866,
          0,
          -0.15142722,
          0.68655366,
          0.71113557,
          0,
          -0.0068115694,
          0.025652613,
          0.021938415,
          1
        ]
      },
      {
        "date" : 758173274.522373,
        "title" : "Untitled",
        "transform" : [
          0.7685732,
          -3.6963004e-09,
          0.63976187,
          0,
          0.34456638,
          0.84257084,
          -0.41394246,
          0,
          -0.5390446,
          0.53858566,
          0.64757735,
          0,
          -0.018459333,
          0.018443618,
          0.022175988,
          1
        ]
      },
      {
        "date" : 758171606.501934,
        "title" : "Untitled",
        "transform" : [
          0.7685732,
          -3.6963004e-09,
          0.63976187,
          0,
          0.34456638,
          0.84257084,
          -0.41394246,
          0,
          -0.5390446,
          0.53858566,
          0.64757735,
          0,
          -0.0143310325,
          0.014318831,
          0.017216483,
          1
        ]
      },
      {
        "date" : 758170989.88604,
        "title" : "Untitled",
        "transform" : [
          0.7685732,
          -3.6963004e-09,
          0.63976187,
          0,
          0.34456638,
          0.84257084,
          -0.41394246,
          0,
          -0.5390446,
          0.53858566,
          0.64757735,
          0,
          -0.020865168,
          0.020847404,
          0.025066221,
          1
        ]
      },
      {
        "date" : 758170986.246974,
        "title" : "Untitled",
        "transform" : [
          0.08679964,
          4.947969e-09,
          0.99622583,
          0,
          0.7481057,
          0.6603705,
          -0.06518136,
          0,
          -0.65787804,
          0.7509401,
          0.057319954,
          0,
          -0.025464937,
          0.029067151,
          0.0022187266,
          1
        ]
      },
      {
        "date" : 758170943.984477,
        "title" : "Untitled",
        "transform" : [
          0.95707196,
          -8.5660035e-11,
          0.28985035,
          0,
          0.21318753,
          0.6775151,
          -0.70393497,
          0,
          -0.19637795,
          0.7355089,
          0.64843065,
          0,
          -0.004049748,
          0.015167824,
          0.013372077,
          1
        ]
      }
    ],
    "C6A7F375-BFE9-46E0-9EA6-1A6B150F43FD" : [
      {
        "date" : 758174144.405366,
        "title" : "Untitled",
        "transform" : [
          0.87353307,
          9.925749e-10,
          0.4867648,
          0,
          0.23220688,
          0.8788809,
          -0.41671133,
          0,
          -0.42780828,
          0.47704124,
          0.76773155,
          0,
          -0.058743417,
          2.1122394,
          2.5064042,
          1
        ]
      },
      {
        "date" : 758174131.359223,
        "title" : "Untitled",
        "transform" : [
          0.87353307,
          9.925749e-10,
          0.4867648,
          0,
          0.23220688,
          0.8788809,
          -0.41671133,
          0,
          -0.42780828,
          0.47704124,
          0.76773155,
          0,
          -10.086968,
          7.394021,
          6.6271276,
          1
        ]
      },
      {
        "date" : 758174124.612471,
        "title" : "Untitled",
        "transform" : [
          0.8735331,
          -1.4693768e-08,
          0.4867648,
          0,
          0.23220699,
          0.87888086,
          -0.41671124,
          0,
          -0.42780828,
          0.47704136,
          0.7677315,
          0,
          -3.1133933,
          4.521082,
          3.668562,
          1
        ]
      },
      {
        "date" : 758171872.796731,
        "title" : "Untitled",
        "transform" : [
          0.9996953,
          -1.2634945e-08,
          -0.02468484,
          0,
          -0.018794764,
          0.648288,
          -0.7611631,
          0,
          0.01600281,
          0.7613952,
          0.6480904,
          0,
          0.21664459,
          4.7179956,
          0.719343,
          1
        ]
      },
      {
        "date" : 758171703.716738,
        "title" : "Untitled",
        "transform" : [
          0.9996953,
          -1.2634945e-08,
          -0.02468484,
          0,
          -0.018794764,
          0.648288,
          -0.7611631,
          0,
          0.01600281,
          0.7613952,
          0.6480904,
          0,
          0.19554524,
          3.714112,
          -0.13515234,
          1
        ]
      },
      {
        "date" : 758171667.884231,
        "title" : "Untitled",
        "transform" : [
          0.99264014,
          -1.2664945e-08,
          0.12110208,
          0,
          0.034038957,
          0.9596857,
          -0.27900657,
          0,
          -0.11622001,
          0.2810754,
          0.9526225,
          0,
          -0.18838133,
          1.7679552,
          0.66468644,
          1
        ]
      },
      {
        "date" : 758171665.925202,
        "title" : "Untitled",
        "transform" : [
          0.99877286,
          -1.2526389e-08,
          0.049527008,
          0,
          0.011414928,
          0.9730781,
          -0.2301928,
          0,
          -0.048193727,
          0.23047574,
          0.9718839,
          0,
          0.015443802,
          1.6143532,
          0.7544091,
          1
        ]
      },
      {
        "date" : 758171654.620866,
        "title" : "Untitled",
        "transform" : [
          0.98943603,
          -1.1572382e-08,
          0.14497064,
          0,
          0.06749424,
          0.88501066,
          -0.4606524,
          0,
          -0.12830064,
          0.4655708,
          0.87566125,
          0,
          -0.047721744,
          3.5299304,
          3.8118982,
          1
        ]
      },
      {
        "date" : 758171651.188143,
        "title" : "Untitled",
        "transform" : [
          0.9209483,
          -1.2770384e-08,
          0.38968486,
          0,
          0.08172975,
          0.9777588,
          -0.19315279,
          0,
          -0.38101783,
          0.20973267,
          0.9004652,
          0,
          -1.8561424,
          1.7879555,
          4.294133,
          1
        ]
      },
      {
        "date" : 758171642.942204,
        "title" : "Untitled",
        "transform" : [
          0.9209483,
          -1.2770384e-08,
          0.38968486,
          0,
          0.08172975,
          0.9777588,
          -0.19315279,
          0,
          -0.38101783,
          0.20973267,
          0.9004652,
          0,
          -5.1029754,
          2.5892797,
          10.97624,
          1
        ]
      }
    ]
  },
  "sceneViewportBackgroundColors" : {

  },
  "selectedSceneRelativePath" : "Grasses\/Rytidosperma caespitosum\/3.75_0.8.usda"
}